"5%"	"50%"	"95%"
"NCUR1"	117522.25	205672.5	1128504.65
"NCUR2"	115510.05	209045	1033572.6
"NCUR3"	113186.75	146111.5	992534.85
"NCURA1"	138.5	10575.5	7354665.2
"NCURA2"	395.75	16717	5349258.89999999
"NCURA3"	860.65	42191	2511325.5
"NANC1"	1089.75	3863	4218661.95
"NANC2"	4069.75	47377	1298162.6
"TDIV2"	113850.5	251130	843932.7
"M12"	3.9473555e-06	0.0008410885	0.009462555
"M21"	3.0385975e-06	0.000521226	0.004918805
"M13"	1.36560105e-05	0.0005875905	0.007291045
"M31"	2.5082745e-06	0.000364198	0.003716535
"M23"	2.919361e-06	6.90118e-05	0.002009935
"M32"	3.0448555e-06	9.49664e-05	0.001193165
"MA13"	1.7463575e-06	1.239015e-05	0.00205947
"MA31"	2.695004e-06	0.000301705	0.00198017
"TDIV1"	5722.3	28494.5	316308.8
"TM"	53.85	3569	84324.55
"TG"	985.45	10311.5	57343.55
"TAM"	17709	82558	479968.2
"RES1"	0.0007654047	0.4173736	188.43570579
"RES2"	0.005507135	6.12713855	450.169910405
"GR1"	-0.00067683185	-0.000268738	0.0007267959
"GR2"	-0.00067639115	-0.0001915465	0.00054503215
"GR3"	-0.00048132545	-0.0001251105	0.00035758405
"MaxEstLhood"	-2233107.4725	-2195830.5925	-2183809.21185
"MaxObsLhood"	-2181705.5623	-2174751.7045	-2167053.39855
