1	2	3	4	5	6	7	8	9	10	11	12	13	14	15	16	17	18	19	20	21	22	23	24	25	26	27	28	29	30	31	32	33
1	0	5.85659841464947	6.04089995539653	5.56092074735522	3.55860314488973	7.43777135064187	7.43777135064187	6.45540125897852	2.78391113665296	2.78391113665296	2.62632204850327	4.8263091933759	4.64089971323671	4.69849932141036	4.45081937871899	3.54954185113506	3.54954185113506	3.27541480465373	4.74415531274658	1.09034508769706	2.63263009168756	2.6644329718291	3.57681333659636	2.11458060466264	2.67672434038726	6.49985393848922	2.8873159769095	1.99772430452365	5.77648962378963	6.00557241065656	6.57397464165075	4.15932097125216	5.69464528992058
2	5.85659841464947	0	2.41477013315018	3.72891284085827	3.31492865936951	3.71688031664465	3.71688031664465	3.5251560308338	6.63878206461223	6.63878206461223	5.94022367598063	1.95109079572195	3.83833166084012	3.74027225065062	3.93434812093054	4.61429289786044	4.61429289786044	7.90996421282884	3.73256316823533	5.3905327272216	6.59994828897942	6.62878635522129	4.72787226797014	5.82628210760158	6.75447249559355	4.27437015112547	4.73659797101621	7.13573490788598	3.57878100488164	3.31149322316508	3.29798122946539	2.07837480159733	3.77606541231406
3	6.04089995539653	2.41477013315018	0	5.72431869739792	3.94650093099242	1.9822172774631	1.9822172774631	2.13068849529349	6.12125340432208	6.12125340432208	6.241112683403	1.41497411505116	2.28411034713606	2.1614577013013	2.48064397486186	3.57049096419969	3.57049096419969	7.63947218435146	2.27111653558848	5.31649745595796	6.10971559723348	6.12549486915596	5.67044745072948	6.63626511945497	6.91772387440072	6.38860603184508	5.85963647436946	7.55604760609532	1.55397159345754	1.21570167677675	1.41385103798804	2.38007182120359	5.75201644575295
4	5.56092074735522	3.72891284085827	5.72431869739792	0	4.54645078707009	7.07206143348468	7.07206143348468	6.53599877625979	7.39578110902274	7.39578110902274	5.66506036571759	4.65140510248913	6.35460191623233	6.28625228182459	6.35413898702242	6.42782601492168	6.42782601492168	8.0477081855122	6.2509181600418	5.73303664504799	7.33492442437809	7.37262229728916	3.77070356308839	4.26551075527656	6.43644925631451	3.32783158272474	3.13919773595176	5.87906138911275	6.63681155528452	6.46061927545657	6.54522191157257	4.03753570247885	2.09784817062431
5	3.55860314488973	3.31492865936951	3.94650093099242	4.54645078707009	0	5.42221780569352	5.42221780569352	4.59473646334917	3.81985607605578	3.81985607605578	3.14455456228251	2.81171064807505	3.2002413800681	3.21496252315398	3.0899346254442	2.89288761827792	2.89288761827792	4.92417598651927	3.32001828285989	2.9971529731945	3.76789911204061	3.80205272452392	2.97096883929679	3.98725386163003	3.86218037445518	4.28218046170573	3.19536618335098	5.19606084887796	3.9884783025199	4.14112840862767	4.65007621125312	2.7080920837134	3.85556843800755
6	7.43777135064187	3.71688031664465	1.9822172774631	7.07206143348468	5.42221780569352	0	0	1.39384416364457	7.42072465256907	7.42072465256907	7.66533372334411	3.25374911901541	3.38177518466106	3.27893317752939	3.60042006063292	4.69822580644642	4.69822580644642	8.99774599471184	3.02813885873661	6.60051797569625	7.36346774515893	7.36986562873956	7.06906991231224	8.16659604277981	8.33269853001685	7.37064481886244	7.43440371555295	9.04303232902194	2.03172419663238	1.62757524124405	0.881860237827504	3.7872195603858	6.98385940180189
7	7.43777135064187	3.71688031664465	1.9822172774631	7.07206143348468	5.42221780569352	0	0	1.39384416364457	7.42072465256907	7.42072465256907	7.66533372334411	3.25374911901541	3.38177518466106	3.27893317752939	3.60042006063292	4.69822580644642	4.69822580644642	8.99774599471184	3.02813885873661	6.60051797569625	7.36346774515893	7.36986562873956	7.06906991231224	8.16659604277981	8.33269853001685	7.37064481886244	7.43440371555295	9.04303232902194	2.03172419663238	1.62757524124405	0.881860237827504	3.7872195603858	6.98385940180189
8	6.45540125897852	3.5251560308338	2.13068849529349	6.53599877625979	4.59473646334917	1.39384416364457	1.39384416364457	0	6.50720796769366	6.50720796769366	6.64376558419588	2.89841232922312	2.72750272681937	2.63985953502926	2.90869122969737	3.8221586729321	3.8221586729321	8.04128786947414	2.12283995434946	5.57253364288908	6.40759903669256	6.41219579465782	6.10295177912689	7.23287776659545	7.30764368384728	6.65239776898817	6.56878139445881	8.13206207198523	1.59773998831987	1.35234952279055	0.933429154875819	3.14114000118495	6.28359322788125
9	2.78391113665296	6.63878206461223	6.12125340432208	7.39578110902274	3.81985607605578	7.42072465256907	7.42072465256907	6.50720796769366	0	0	2.61536984147586	5.17869500375631	4.0858385868987	4.19416095704269	3.85569582480071	2.74170674098838	2.74170674098838	1.65875712870012	4.43945420390406	2.27728739600842	0.329763763949877	0.342042489700955	4.53698001113791	4.32297665295659	2.32136807936807	7.70419625862974	4.68263259452495	4.28452898004595	5.42808384057064	5.81728692231822	6.56402336108396	5.16702505898201	6.98199431966226
10	2.78391113665296	6.63878206461223	6.12125340432208	7.39578110902274	3.81985607605578	7.42072465256907	7.42072465256907	6.50720796769366	0	0	2.61536984147586	5.17869500375631	4.0858385868987	4.19416095704269	3.85569582480071	2.74170674098838	2.74170674098838	1.65875712870012	4.43945420390406	2.27728739600842	0.329763763949877	0.342042489700955	4.53698001113791	4.32297665295659	2.32136807936807	7.70419625862974	4.68263259452495	4.28452898004595	5.42808384057064	5.81728692231822	6.56402336108396	5.16702505898201	6.98199431966226
11	2.62632204850327	5.94022367598063	6.241112683403	5.66506036571759	3.14455456228251	7.66533372334411	7.66533372334411	6.64376558419588	2.61536984147586	2.61536984147586	0	5.01804230523977	4.75261884320293	4.80284372235278	4.57418922024603	3.663229594605	3.663229594605	2.72749988228787	4.92221530800221	2.54171665623537	2.57893059824385	2.60736376672442	2.22531870697728	2.73654998235011	0.913559822948322	5.86466997630169	2.77790019804005	3.73528063988878	5.94491803876435	6.19318603313959	6.81169380858954	4.84386415301145	4.96201558115496
12	4.8263091933759	1.95109079572195	1.41497411505116	4.65140510248913	2.81171064807505	3.25374911901541	3.25374911901541	2.89841232922312	5.17869500375631	5.17869500375631	5.01804230523977	0	2.07999031114913	1.97922512381312	2.17470747313533	2.92877714749838	2.92877714749838	6.58671933841309	2.18634836099485	4.20994745673988	5.16793934424757	5.19106513509097	4.4056394444895	5.26810623478181	5.71890941180521	5.52256934186376	4.47188208064255	6.27602573507716	2.20976180165463	2.10273563242531	2.5232934663578	1.38459425135224	4.71206970222294
13	4.64089971323671	3.83833166084012	2.28411034713606	6.35460191623233	3.2002413800681	3.38177518466106	3.38177518466106	2.72750272681937	4.0858385868987	4.0858385868987	4.75261884320293	2.07999031114913	0	0.13849582446533	0.236611009519175	1.40799010024907	1.40799010024907	5.67580534268428	0.795710286676515	3.72245493238392	4.06537430938236	4.07171790550734	4.94401632573855	5.7341924061373	5.25975682829024	6.80155201045404	5.29164145480272	6.38809234899018	1.37818962771822	1.75900046247106	2.55035738248898	2.69707333730516	6.1082686420863
14	4.69849932141036	3.74027225065062	2.1614577013013	6.28625228182459	3.21496252315398	3.27893317752939	3.27893317752939	2.63985953502926	4.19416095704269	4.19416095704269	4.80284372235278	1.97922512381312	0.13849582446533	0	0.360974897310757	1.51544167753821	1.51544167753821	5.77570046890765	0.767261921755714	3.79199363431782	4.17435743610685	4.18129759455991	4.93445586815741	5.75061577863921	5.32612044028683	6.75582363926433	5.28438779133133	6.43001618609405	1.29241124412258	1.65324110504461	2.44457095469547	2.63048613003033	6.05121861944434
15	4.45081937871899	3.93434812093054	2.48064397486186	6.35413898702242	3.0899346254442	3.60042006063292	3.60042006063292	2.90869122969737	3.85569582480071	3.85569582480071	4.57418922024603	2.17470747313533	0.236611009519175	0.360974897310757	0	1.18419946355265	1.18419946355265	5.45104839481129	0.893530855826424	3.52227387357596	3.83346617617206	3.83991604118519	4.84730044528452	5.59000756105319	5.06247053276245	6.78728150896471	5.18201411507997	6.21627942464641	1.59373509108705	1.98028067575209	2.76452634362508	2.72429381964815	6.09665756712403
16	3.54954185113506	4.61429289786044	3.57049096419969	6.42782601492168	2.89288761827792	4.69822580644642	4.69822580644642	3.8221586729321	2.74170674098838	2.74170674098838	3.663229594605	2.92877714749838	1.40799010024907	1.51544167753821	1.18419946355265	0	0	4.32977676933301	1.71332207328633	2.56797248762968	2.69142160832734	2.69547879180411	4.36274856300583	4.88647656789975	4.03896583381661	6.82920055844795	4.69638927600241	5.37569718857862	2.7157875793744	3.1022763910265	3.84350334432697	3.13958522952355	6.10480709896478
17	3.54954185113506	4.61429289786044	3.57049096419969	6.42782601492168	2.89288761827792	4.69822580644642	4.69822580644642	3.8221586729321	2.74170674098838	2.74170674098838	3.663229594605	2.92877714749838	1.40799010024907	1.51544167753821	1.18419946355265	0	0	4.32977676933301	1.71332207328633	2.56797248762968	2.69142160832734	2.69547879180411	4.36274856300583	4.88647656789975	4.03896583381661	6.82920055844795	4.69638927600241	5.37569718857862	2.7157875793744	3.1022763910265	3.84350334432697	3.13958522952355	6.10480709896478
18	3.27541480465373	7.90996421282884	7.63947218435146	8.0477081855122	4.92417598651927	8.99774599471184	8.99774599471184	8.04128786947414	1.65875712870012	1.65875712870012	2.72749988228787	6.58671933841309	5.67580534268428	5.77570046890765	5.45104839481129	4.32977676933301	4.32977676933301	0	6.00659538623855	3.24887913889637	1.73934555821013	1.74195510932783	4.9254659418596	4.40252949992456	1.94763319503348	8.34015401840972	5.02700073576164	4.1321238959686	7.0250777320696	7.39693360044992	8.13251948964659	6.49914551640888	7.58407099080919
19	4.74415531274658	3.73256316823533	2.27111653558848	6.2509181600418	3.32001828285989	3.02813885873661	3.02813885873661	2.12283995434946	4.43945420390406	4.43945420390406	4.92221530800221	2.18634836099485	0.795710286676515	0.767261921755714	0.893530855826424	1.71332207328633	1.71332207328633	6.00659538623855	0	3.79360431062629	4.36533999074918	4.36950820015432	4.93799117543175	5.80427413190778	5.47282410387686	6.59083245015817	5.34712220727197	6.51612289520215	1.17327518711909	1.5105992726378	2.1758019793489	2.53462646359166	5.97556201252708
20	1.09034508769706	5.3905327272216	5.31649745595796	5.73303664504799	2.9971529731945	6.60051797569625	6.60051797569625	5.57253364288908	2.27728739600842	2.27728739600842	2.54171665623537	4.20994745673988	3.72245493238392	3.79199363431782	3.52227387357596	2.56797248762968	2.56797248762968	3.24887913889637	3.79360431062629	0	2.07598951324816	2.10235170883053	3.55061727200908	2.88228574433531	2.72463341880454	6.36853917865365	3.27228199443923	3.06547438615329	4.86767793403183	5.13759212681605	5.73046863375006	3.63952601336534	5.65270720504786
21	2.63263009168756	6.59994828897942	6.10971559723348	7.33492442437809	3.76789911204061	7.36346774515893	7.36346774515893	6.40759903669256	0.329763763949877	0.329763763949877	2.57893059824385	5.16793934424757	4.06537430938236	4.17435743610685	3.83346617617206	2.69142160832734	2.69142160832734	1.73934555821013	4.36533999074918	2.07598951324816	0	0.0487202780893278	4.4770120474291	4.24264646510209	2.30385791692692	7.60239990187397	4.62570498573684	4.20186782932377	5.38680596465962	5.77504688197039	6.50430057802454	5.0845086344734	6.91584123582787
22	2.6644329718291	6.62878635522129	6.12549486915596	7.37262229728916	3.80205272452392	7.36986562873956	7.36986562873956	6.41219579465782	0.342042489700955	0.342042489700955	2.60736376672442	5.19106513509097	4.07171790550734	4.18129759455991	3.83991604118519	2.69547879180411	2.69547879180411	1.74195510932783	4.36950820015432	2.10235170883053	0.0487202780893278	0	4.50734332914816	4.27865892442832	2.32742770650131	7.63638054378786	4.66464445673568	4.23104894388525	5.39180564008041	5.78205192612238	6.51153130486808	5.10998891204796	6.95061095405141
23	3.57681333659636	4.72787226797014	5.67044745072948	3.77070356308839	2.97096883929679	7.06906991231224	7.06906991231224	6.10295177912689	4.53698001113791	4.53698001113791	2.22531870697728	4.4056394444895	4.94401632573855	4.93445586815741	4.84730044528452	4.36274856300583	4.36274856300583	4.9254659418596	4.93799117543175	3.55061727200908	4.4770120474291	4.50734332914816	0	2.61140970765934	3.06965154336958	4.15616048290737	1.69996502308644	4.40833583760508	5.7917882279589	5.87205076194505	6.2987608318902	4.1112049908826	2.91817775063728
24	2.11458060466264	5.82628210760158	6.63626511945497	4.26551075527656	3.98725386163003	8.16659604277981	8.16659604277981	7.23287776659545	4.32297665295659	4.32297665295659	2.73654998235011	5.26810623478181	5.7341924061373	5.75061577863921	5.59000756105319	4.88647656789975	4.88647656789975	4.40252949992456	5.80427413190778	2.88228574433531	4.24264646510209	4.27865892442832	2.61140970765934	0	3.03152000774524	5.62479294898554	1.40428094341204	1.93892131670883	6.74941736278264	6.86575217880783	7.34144450428327	4.58837347655902	4.5289226164497
25	2.67672434038726	6.75447249559355	6.91772387440072	6.43644925631451	3.86218037445518	8.33269853001685	8.33269853001685	7.30764368384728	2.32136807936807	2.32136807936807	0.913559822948322	5.71890941180521	5.25975682829024	5.32612044028683	5.06247053276245	4.03896583381661	4.03896583381661	1.94763319503348	5.47282410387686	2.72463341880454	2.30385791692692	2.32742770650131	3.06965154336958	3.03152000774524	0	6.68407916516405	3.41098200283552	3.58411403562502	6.52392907010828	6.81081948891524	7.46675932861325	5.5398218509822	5.81966188387888
26	6.49985393848922	4.27437015112547	6.38860603184508	3.32783158272474	4.28218046170573	7.37064481886244	7.37064481886244	6.65239776898817	7.70419625862974	7.70419625862974	5.86466997630169	5.52256934186376	6.80155201045404	6.75582363926433	6.78728150896471	6.82920055844795	6.82920055844795	8.34015401840972	6.59083245015817	6.36853917865365	7.60239990187397	7.63638054378786	4.15616048290737	5.62479294898554	6.68407916516405	0	4.42195882719056	7.38247327050734	6.97349495033637	6.86517782081951	6.91023220886809	5.05018656812807	1.84022262056659
27	2.8873159769095	4.73659797101621	5.85963647436946	3.13919773595176	3.19536618335098	7.43440371555295	7.43440371555295	6.56878139445881	4.68263259452495	4.68263259452495	2.77790019804005	4.47188208064255	5.29164145480272	5.28438779133133	5.18201411507997	4.69638927600241	4.69638927600241	5.02700073576164	5.34712220727197	3.27228199443923	4.62570498573684	4.66464445673568	1.69996502308644	1.40428094341204	3.41098200283552	4.42195882719056	0	3.2731682807115	6.17203025932984	6.2286524949231	6.65123036978801	3.89841578767124	3.19766441474345
28	1.99772430452365	7.13573490788598	7.55604760609532	5.87906138911275	5.19606084887796	9.04303232902194	9.04303232902194	8.13206207198523	4.28452898004595	4.28452898004595	3.73528063988878	6.27602573507716	6.38809234899018	6.43001618609405	6.21627942464641	5.37569718857862	5.37569718857862	4.1321238959686	6.51612289520215	3.06547438615329	4.20186782932377	4.23104894388525	4.40833583760508	1.93892131670883	3.58411403562502	7.38247327050734	3.2731682807115	0	7.49554174767161	7.67135258445741	8.20031214802593	5.55540873559557	6.40269922673537
29	5.77648962378963	3.57878100488164	1.55397159345754	6.63681155528452	3.9884783025199	2.03172419663238	2.03172419663238	1.59773998831987	5.42808384057064	5.42808384057064	5.94491803876435	2.20976180165463	1.37818962771822	1.29241124412258	1.59373509108705	2.7157875793744	2.7157875793744	7.0250777320696	1.17327518711909	4.86767793403183	5.38680596465962	5.39180564008041	5.7917882279589	6.74941736278264	6.52392907010828	6.97349495033637	6.17203025932984	7.49554174767161	0	0.492740534349552	1.2547048145878	2.88751039608554	6.42565343868645
30	6.00557241065656	3.31149322316508	1.21570167677675	6.46061927545657	4.14112840862767	1.62757524124405	1.62757524124405	1.35234952279055	5.81728692231822	5.81728692231822	6.19318603313959	2.10273563242531	1.75900046247106	1.65324110504461	1.98028067575209	3.1022763910265	3.1022763910265	7.39693360044992	1.5105992726378	5.13759212681605	5.77504688197039	5.78205192612238	5.87205076194505	6.86575217880783	6.81081948891524	6.86517782081951	6.2286524949231	7.67135258445741	0.492740534349552	0	0.818439641704852	2.79614381607642	6.30999326298049
31	6.57397464165075	3.29798122946539	1.41385103798804	6.54522191157257	4.65007621125312	0.881860237827504	0.881860237827504	0.933429154875819	6.56402336108396	6.56402336108396	6.81169380858954	2.5232934663578	2.55035738248898	2.44457095469547	2.76452634362508	3.84350334432697	3.84350334432697	8.13251948964659	2.1758019793489	5.73046863375006	6.50430057802454	6.51153130486808	6.2987608318902	7.34144450428327	7.46675932861325	6.91023220886809	6.65123036978801	8.20031214802593	1.2547048145878	0.818439641704852	0	3.05490234009553	6.43998642428584
32	4.15932097125216	2.07837480159733	2.38007182120359	4.03753570247885	2.7080920837134	3.7872195603858	3.7872195603858	3.14114000118495	5.16702505898201	5.16702505898201	4.84386415301145	1.38459425135224	2.69707333730516	2.63048613003033	2.72429381964815	3.13958522952355	3.13958522952355	6.49914551640888	2.53462646359166	3.63952601336534	5.0845086344734	5.10998891204796	4.1112049908826	4.58837347655902	5.5398218509822	5.05018656812807	3.89841578767124	5.55540873559557	2.88751039608554	2.79614381607642	3.05490234009553	0	4.342316738552
33	5.69464528992058	3.77606541231406	5.75201644575295	2.09784817062431	3.85556843800755	6.98385940180189	6.98385940180189	6.28359322788125	6.98199431966226	6.98199431966226	4.96201558115496	4.71206970222294	6.1082686420863	6.05121861944434	6.09665756712403	6.10480709896478	6.10480709896478	7.58407099080919	5.97556201252708	5.65270720504786	6.91584123582787	6.95061095405141	2.91817775063728	4.5289226164497	5.81966188387888	1.84022262056659	3.19766441474345	6.40269922673537	6.42565343868645	6.30999326298049	6.43998642428584	4.342316738552	0
