V1	V2	V3	V4	V5	V6	V7	V8	V9	V10	V11	V12	V13	V14	V15	V16	V17	V18	V19	V20	V21	V22	V23	V24	V25	V26	V27	V28	V29	V30	V31	V32	V33
1	0	1132168.87419695	787338.357098268	1352357.19519522	2374610.96469239	583717.309891632	583717.309891632	379249.649614596	539644.444715161	540918.91890071	766354.344938982	787154.79085273	544510.002562392	548348.974964035	520270.109081194	458548.293270494	458548.293270494	611081.664708804	415641.123412332	102562.864845567	486182.262777247	477923.202264212	853573.339655933	640187.943581792	711011.384322563	1772991.85215571	982960.507328525	301514.244341346	562347.176924426	565790.873743724	525941.853625656	364532.851788568	1154627.65911296
2	1132168.87419695	0	352917.838997654	2208334.0331282	3162908.50902703	654658.743925183	654658.743925183	919704.155938083	675673.988382508	675043.879739806	1001149.48300687	359492.630478131	587988.869334449	583931.197973641	612094.614081183	675876.766910096	675876.766910096	836122.673860686	730456.270414219	1035089.55145319	688185.669049252	693916.659051709	1236486.36809772	1422952.84191494	989187.345353534	2201451.25200457	1811081.24495991	1315254.82668065	603431.20846684	597400.868802941	664580.104384505	1166354.0376197	1779843.1169335
3	787338.357098268	352917.838997654	0	1953144.083321	2941042.85727822	318858.490489937	318858.490489937	571718.424945907	405944.732785479	405882.19606974	831066.347179969	146868.027014311	245448.079749701	242803.828266966	269773.672249802	341931.592479973	341931.592479973	621628.025426238	378795.400248608	687974.473569347	389203.857475235	392280.669083519	1058337.73108676	1157524.32248419	801733.64969046	2069771.31012882	1553295.04460378	995416.724988694	251758.904016456	245439.036124247	315447.235241478	818373.679587331	1575135.38386462
4	1352357.19519522	2208334.0331282	1953144.083321	0	1022253.76986161	1883886.40020157	1883886.40020157	1729467.81501165	1551249.42412124	1551526.54296023	1242168.79671998	1866888.3501585	1734346.59622016	1733679.32811728	1713887.14577923	1636393.6747135	1636393.6747135	1372789.82009055	1681723.66566403	1436069.88479017	1564623.20859709	1562196.50563193	1028845.47463204	795692.401059005	1237326.48427635	876392.374729171	399904.330714743	1051739.94941738	1818159.08712803	1818001.62695295	1811626.31035677	1672952.72439451	533337.724052312
5	2374610.96469239	3162908.50902703	2941042.85727822	1022253.76986161	0	2898272.64898675	2898272.64898675	2751491.07199496	2535143.61635409	2535230.36803775	2164028.56433805	2840631.01357661	2735162.69723313	2733818.27099294	2716074.7430614	2639558.78682555	2639558.78682555	2333867.98272042	2694674.0331173	2457767.42067941	2557904.95679399	2556508.69733388	1930499.35666457	1796716.11510285	2173723.52322846	1176997.7055128	1406254.24324697	2073892.88073423	2826691.49810436	2825974.88989267	2824785.82934647	2690843.75936299	1383873.37465709
6	583717.309891632	654658.743925183	318858.490489937	1883886.40020157	2898272.64898675	0	0	272760.630235013	471549.577171974	472401.387148696	926801.395939047	421145.505846542	237656.202950542	243683.160766698	240315.207203626	294311.869957453	294311.869957453	700928.000068059	204358.394673086	482215.979976143	409746.841923774	405907.740978745	1123383.53015322	1104270.52405213	882807.432381208	2138582.52841693	1492092.3652079	852669.190485644	113060.370779311	119323.819106654	75872.4842130526	515823.700336659	1581470.45180288
7	583717.309891632	654658.743925183	318858.490489937	1883886.40020157	2898272.64898675	0	0	272760.630235013	471549.577171974	472401.387148696	926801.395939047	421145.505846542	237656.202950542	243683.160766698	240315.207203626	294311.869957453	294311.869957453	700928.000068059	204358.394673086	482215.979976143	409746.841923774	405907.740978745	1123383.53015322	1104270.52405213	882807.432381208	2138582.52841693	1492092.3652079	852669.190485644	113060.370779311	119323.819106654	75872.4842130526	515823.700336659	1581470.45180288
8	379249.649614596	919704.155938083	571718.424945907	1729467.81501165	2751491.07199496	272760.630235013	272760.630235013	0	553032.854244474	554290.092480043	953086.990900483	640345.736409263	392570.699467827	399367.35046647	377432.239541655	373960.423289284	373960.423289284	741143.281633081	246013.73875093	294498.828935747	479888.656956262	472288.434347647	1108270.42833993	989198.327785468	901123.760845158	2091756.17727819	1353397.82164588	677791.804786623	321479.432267904	328319.574479341	256271.33086941	246803.991624162	1495315.37609258
9	539644.444715161	675673.988382508	405944.732785479	1551249.42412124	2535143.61635409	471549.577171974	471549.577171974	553032.854244474	0	1349.87884373215	458632.972928943	319625.51105223	238835.140047583	234140.400694336	231688.468646477	187900.939295856	187900.939295856	233706.338214093	317213.072698312	468480.096735472	73145.4859228496	80894.3039658565	669702.743043966	757102.478631067	418643.288649006	1688513.95175653	1151435.8142544	651782.930977391	362365.798210794	357673.642066763	402515.888860513	748806.988811792	1171456.28233649
10	540918.91890071	675043.879739806	405882.19606974	1551526.54296023	2535230.36803775	472401.387148696	472401.387148696	554290.092480043	1349.87884373215	0	457973.943644751	319127.817070539	239529.548728372	234809.561866177	232493.965576029	188997.739563416	188997.739563416	233126.826341187	318371.131429865	469805.991055998	74406.7890322154	82178.0808793507	669276.363972542	757440.585689834	418090.098565997	1688063.41555163	1151721.60625647	652711.156546578	363141.552295	358431.880674389	403441.25594543	750143.942842925	1171356.72438933
11	766354.344938982	1001149.48300687	831066.347179969	1242168.79671998	2164028.56433805	926801.395939047	926801.395939047	953086.990900483	458632.972928943	457973.943644751	0	704788.346791989	697412.545056902	692771.557864927	689103.951964303	633987.906122441	633987.906122441	225929.550667709	750742.535777334	752047.375845837	517063.147349693	521099.856716325	235504.820848667	530512.433827363	55405.1249916812	1238937.68511318	862531.313491907	675779.766951068	819998.151756168	815604.103532721	854829.788765811	1089074.29899523	780155.476832944
12	787154.79085273	359492.630478131	146868.027014311	1866888.3501585	2840631.01357661	421145.505846542	421145.505846542	640345.736409263	319625.51105223	319127.817070539	704788.346791989	0	257629.300839607	251823.611467634	279050.631091223	329120.921815264	329120.921815264	507966.355091382	412510.114948473	694811.919877271	328737.312658393	334577.404484258	936706.396995517	1074905.46274883	680563.943717959	1939978.83998027	1467574.40539263	956130.419868703	326103.265576631	318759.282474699	393875.604022969	881278.509196035	1465352.50962807
13	544510.002562392	587988.869334449	245448.079749701	1734346.59622016	2735162.69723313	237656.202950542	237656.202950542	392570.699467827	238835.140047583	239529.548728372	697412.545056902	257629.300839607	0	6963.16669336605	24381.0551443768	99876.1599114684	99876.1599114684	472045.99596131	155293.891256109	447137.944816539	186826.979379416	185565.524913804	904447.732941305	940529.356240047	656486.2414673	1923273.80611889	1335939.92685368	752556.885540226	125370.452501584	119998.49648298	176814.318050936	627416.867687969	1389153.65356575
14	548348.974964035	583931.197973641	242803.828266966	1733679.32811728	2733818.27099294	243683.160766698	243683.160766698	399367.35046647	234140.400694336	234809.561866177	692771.557864927	251823.611467634	6963.16669336605	0	28244.0128170572	100762.057292206	100762.057292206	467561.483803987	161486.474902381	451352.951135267	183549.440501274	182577.812442707	900583.96307693	939576.171373483	652141.599678067	1919482.75823238	1335118.04638304	754211.699947053	131144.532229	125614.122663605	183457.437481316	633903.099471932	1386694.92493822
15	520270.109081194	612094.614081183	269773.672249802	1713887.14577923	2716074.7430614	240315.207203626	240315.207203626	377432.239541655	231688.468646477	232493.965576029	689103.951964303	279050.631091223	24381.0551443768	28244.0128170572	0	77765.8745637743	77765.8745637743	463279.105472382	136066.046090076	423131.036438418	174425.065417301	172184.725252108	892884.137904536	920713.174950484	646938.375449264	1911268.8034056	1315808.53304751	728885.235252485	130900.415421927	126568.454464933	174518.708694439	609350.194765898	1372936.04671602
16	458548.293270494	675876.766910096	341931.592479973	1636393.6747135	2639558.78682555	294311.869957453	294311.869957453	373960.423289284	187900.939295856	188997.739563416	633987.906122441	329120.921815264	99876.1599114684	100762.057292206	77765.8745637743	0	0	408651.470369321	130915.287866703	365789.684196658	118619.897002796	113478.261723092	829459.972576876	843691.516435942	588964.76988347	1846016.23877609	1238519.32026363	653844.743795594	195023.110474672	192446.764822892	221009.623752165	589185.48903113	1300227.41037028
17	458548.293270494	675876.766910096	341931.592479973	1636393.6747135	2639558.78682555	294311.869957453	294311.869957453	373960.423289284	187900.939295856	188997.739563416	633987.906122441	329120.921815264	99876.1599114684	100762.057292206	77765.8745637743	0	0	408651.470369321	130915.287866703	365789.684196658	118619.897002796	113478.261723092	829459.972576876	843691.516435942	588964.76988347	1846016.23877609	1238519.32026363	653844.743795594	195023.110474672	192446.764822892	221009.623752165	589185.48903113	1300227.41037028
18	611081.664708804	836122.673860686	621628.025426238	1372789.82009055	2333867.98272042	700928.000068059	700928.000068059	741143.281633081	233706.338214093	233126.826341187	225929.550667709	507966.355091382	472045.99596131	467561.483803987	463279.105472382	408651.470369321	408651.470369321	0	528153.477878212	574209.744492536	291241.892733043	295458.715313939	438741.106442131	597281.616277956	185072.155936554	1456315.09108565	977103.809839082	608246.64859526	594152.945584202	589819.997827769	629231.221344341	899117.050616965	957462.307530838
19	415641.123412332	730456.270414219	378795.400248608	1681723.66566403	2694674.0331173	204358.394673086	204358.394673086	246013.73875093	317213.072698312	318371.131429865	750742.535777334	412510.114948473	155293.891256109	161486.474902381	136066.046090076	130915.287866703	130915.287866703	528153.477878212	0	313840.756473262	245485.1418239	239013.549157393	933702.680341934	900006.391468241	702914.17319449	1943534.92425574	1288698.72095631	660438.586597705	148131.016361746	150892.571196579	130114.570716494	473385.475129089	1378781.40925479
20	102562.864845567	1035089.55145319	687974.473569347	1436069.88479017	2457767.42067941	482215.979976143	482215.979976143	294498.828935747	468480.096735472	469805.991055998	752047.375845837	694811.919877271	447137.944816539	451352.951135267	423131.036438418	365789.684196658	365789.684196658	574209.744492536	313840.756473262	0	408205.66077893	399641.07572467	866343.746216985	699144.552852625	696876.503169653	1817806.39926386	1058920.94651572	385378.752703887	460037.112971047	463580.750382847	423490.866296531	340306.678496399	1209853.82130245
21	486182.262777247	688185.669049252	389203.857475235	1564623.20859709	2557904.95679399	409746.841923774	409746.841923774	479888.656956262	73145.4859228496	74406.7890322154	517063.147349693	328737.312658393	186826.979379416	183549.440501274	174425.065417301	118619.897002796	118619.897002796	291241.892733043	245485.1418239	408205.66077893	0	8675.98625014464	718465.605772513	768937.463320416	473463.408156784	1736960.81322481	1164931.78285413	627622.767667908	304440.432736396	300569.584548882	338118.194447038	677772.26864911	1204535.36583427
22	477923.202264212	693916.659051709	392280.669083519	1562196.50563193	2556508.69733388	405907.740978745	405907.740978745	472288.434347647	80894.3039658565	82178.0808793507	521099.856716325	334577.404484258	185565.524913804	182577.812442707	172184.725252108	113478.261723092	113478.261723092	295458.715313939	239013.549157393	399641.07572467	8675.98625014464	0	720875.020530736	766558.91250173	476967.194777036	1739101.01654836	1162594.14326132	621583.884664193	301565.202359733	297867.056488773	333777.036672677	669346.491506267	1204598.23371502
23	853573.339655933	1236486.36809772	1058337.73108676	1028845.47463204	1930499.35666457	1123383.53015322	1123383.53015322	1108270.42833993	669702.743043966	669276.363972542	235504.820848667	936706.396995517	904447.732941305	900583.96307693	892884.137904536	829459.972576876	829459.972576876	438741.106442131	933702.680341934	866343.746216985	718465.605772513	720875.020530736	0	412166.060521376	256717.68913834	1018996.06511407	668104.936935212	678586.944350282	1022293.7474775	1018715.73302027	1048841.43627374	1205675.05587407	547203.216214346
24	640187.943581792	1422952.84191494	1157524.32248419	795692.401059005	1796716.11510285	1104270.52405213	1104270.52405213	989198.327785468	757102.478631067	757440.585689834	530512.433827363	1074905.46274883	940529.356240047	939576.171373483	920713.174950484	843691.516435942	843691.516435942	597281.616277956	900006.391468241	699144.552852625	768937.463320416	766558.91250173	412166.060521376	0	503635.279277466	1140093.38500609	396045.550748486	365922.98529196	1029996.87684062	1029259.03510203	1029900.07091102	1001334.49553077	514632.940582311
25	711011.384322563	989187.345353534	801733.64969046	1237326.48427635	2173723.52322846	882807.432381208	882807.432381208	901123.760845158	418643.288649006	418090.098565997	55405.1249916812	680563.943717959	656486.2414673	652141.599678067	646938.375449264	588964.76988347	588964.76988347	185072.155936554	702914.17319449	696876.503169653	473463.408156784	476967.194777036	256717.68913834	503635.279277466	0	1271776.89569597	851517.560422585	626321.493908736	777611.779705168	773489.278510364	809969.613084546	1034246.54477955	791033.840145066
26	1772991.85215571	2201451.25200457	2069771.31012882	876392.374729171	1176997.7055128	2138582.52841693	2138582.52841693	2091756.17727819	1688513.95175653	1688063.41555163	1238937.68511318	1939978.83998027	1923273.80611889	1919482.75823238	1911268.8034056	1846016.23877609	1846016.23877609	1456315.09108565	1943534.92425574	1817806.39926386	1736960.81322481	1739101.01654836	1018996.06511407	1140093.38500609	1271776.89569597	0	927540.527856433	1505302.53501228	2039985.30514286	2036631.31405763	2063312.43644447	2137156.82142473	636042.14680772
27	982960.507328525	1811081.24495991	1553295.04460378	399904.330714743	1406254.24324697	1492092.3652079	1492092.3652079	1353397.82164588	1151435.8142544	1151721.60625647	862531.313491907	1467574.40539263	1335939.92685368	1335118.04638304	1315808.53304751	1238519.32026363	1238519.32026363	977103.809839082	1288698.72095631	1058920.94651572	1164931.78285413	1162594.14326132	668104.936935212	396045.550748486	851517.560422585	927540.527856433	0	682377.738057861	1422507.00648881	1422084.46734292	1418808.9452069	1323886.70391623	331159.408398214
28	301514.244341346	1315254.82668065	995416.724988694	1051739.94941738	2073892.88073423	852669.190485644	852669.190485644	677791.804786623	651782.930977391	652711.156546578	675779.766951068	956130.419868703	752556.885540226	754211.699947053	728885.235252485	653844.743795594	653844.743795594	608246.64859526	660438.586597705	385378.752703887	627622.767667908	621583.884664193	678586.944350282	365922.98529196	626321.493908736	1505302.53501228	682377.738057861	0	806688.966779494	808305.934681155	785703.570390631	646511.769186425	875235.475889391
29	562347.176924426	603431.20846684	251758.904016456	1818159.08712803	2826691.49810436	113060.370779311	113060.370779311	321479.432267904	362365.798210794	363141.552295	819998.151756168	326103.265576631	125370.452501584	131144.532229	130900.415421927	195023.110474672	195023.110474672	594152.945584202	148131.016361746	460037.112971047	304440.432736396	301565.202359733	1022293.7474775	1029996.87684062	777611.779705168	2039985.30514286	1422507.00648881	806688.966779494	0	7372.88486728215	67843.3453853392	567498.614349765	1494330.61572942
30	565790.873743724	597400.868802941	245439.036124247	1818001.62695295	2825974.88989267	119323.819106654	119323.819106654	328319.574479341	357673.642066763	358431.880674389	815604.103532721	318759.282474699	119998.49648298	125614.122663605	126568.454464933	192446.764822892	192446.764822892	589819.997827769	150892.571196579	463580.750382847	300569.584548882	297867.056488773	1018715.73302027	1029259.03510203	773489.278510364	2036631.31405763	1422084.46734292	808305.934681155	7372.88486728215	0	75153.1152409731	574199.947374436	1492281.15817302
31	525941.853625656	664580.104384505	315447.235241478	1811626.31035677	2824785.82934647	75872.4842130526	75872.4842130526	256271.33086941	402515.888860513	403441.25594543	854829.788765811	393875.604022969	176814.318050936	183457.437481316	174518.708694439	221009.623752165	221009.623752165	629231.221344341	130114.570716494	423490.866296531	338118.194447038	333777.036672677	1048841.43627374	1029900.07091102	809969.613084546	2063312.43644447	1418808.9452069	785703.570390631	67843.3453853392	75153.1152409731	0	502970.949637422	1505680.25756431
32	364532.851788568	1166354.0376197	818373.679587331	1672952.72439451	2690843.75936299	515823.700336659	515823.700336659	246803.991624162	748806.988811792	750143.942842925	1089074.29899523	881278.509196035	627416.867687969	633903.099471932	609350.194765898	589185.48903113	589185.48903113	899117.050616965	473385.475129089	340306.678496399	677772.26864911	669346.491506267	1205675.05587407	1001334.49553077	1034246.54477955	2137156.82142473	1323886.70391623	646511.769186425	567498.614349765	574199.947374436	502970.949637422	0	1515857.90076092
33	1154627.65911296	1779843.1169335	1575135.38386462	533337.724052312	1383873.37465709	1581470.45180288	1581470.45180288	1495315.37609258	1171456.28233649	1171356.72438933	780155.476832944	1465352.50962807	1389153.65356575	1386694.92493822	1372936.04671602	1300227.41037028	1300227.41037028	957462.307530838	1378781.40925479	1209853.82130245	1204535.36583427	1204598.23371502	547203.216214346	514632.940582311	791033.840145066	636042.14680772	331159.408398214	875235.475889391	1494330.61572942	1492281.15817302	1505680.25756431	1515857.90076092	0
