1	2	3	4	5	6	7	8	9	10	11	12	13	14	15	16	17	18	19	20	21	22	23	24	25	26	27	28	29	30	31	32	33
1	0	14.6870374587359	10.313030850229	11.9607231626647	8.24791179990539	9.35528481163065	9.35528481163065	8.35360705926043	8.98220509311619	8.98220509311619	11.0524810579984	17.1997393272971	11.9837759329799	11.4360279194833	15.2176889914504	8.20271435692333	8.20271435692333	7.59974904197306	8.16153910075343	4.54481360923827	8.60415833055487	8.61406214075164	11.9134558728365	5.41557198844724	8.9798047966497	15.4301403045744	8.14597702678237	5.04816315724146	11.240328089647	9.82101672037195	9.16337664474095	6.61160860903708	12.1356276786193
2	14.6870374587359	0	7.46780440551662	16.2539408171911	12.0959457780894	10.794467021735	10.794467021735	12.7651923954721	9.49223594943802	9.49223594943802	9.04996723518329	4.49111258260946	5.96738150730633	6.34241537123071	7.58821496175431	10.1305988304303	10.1305988304303	12.3546917865683	12.0955453184842	11.582597801504	13.8179976800288	13.8438348914204	7.60756670725746	14.040700816311	12.3487747609858	10.8579803195727	14.4381675538012	16.4486580804834	7.16850236472015	8.74055907600872	10.4274640566341	14.9065267372155	10.633754711393
3	10.313030850229	7.46780440551662	0	15.7439314914291	8.59001864501588	5.57399253280289	5.57399253280289	8.67909870194018	7.24529083175616	7.24529083175616	9.48229503018162	10.4815866840035	5.79320183650547	5.03840411108319	10.1499407138168	5.73023357223089	5.73023357223089	9.62152205432378	6.66601711247239	8.00390532556322	9.24891633326846	9.31801245783956	10.2165096376149	11.6032697384079	10.1197364607557	13.2238525744563	13.0282203542989	12.6549635501416	4.67277595934892	4.05323326508307	5.50195357071951	11.0627454965278	12.02350426319
4	11.9607231626647	16.2539408171911	15.7439314914291	0	12.1780135089087	14.502272852133	14.502272852133	12.9573155740669	15.9568243078937	15.9568243078937	15.5573429277747	18.1851022116913	15.2106993559837	15.4090213747215	16.0201383054393	15.0230320099066	15.0230320099066	15.6795204222686	15.1707715379873	12.0274969351279	17.7230856579066	17.7139357635107	12.238548480167	9.68296167230175	15.9974899270216	13.0945701676822	4.91459784163768	12.3982858525638	15.0917826245035	14.9175160616959	14.3436581214053	11.998944159511	9.18170238544988
5	8.24791179990539	12.0959457780894	8.59001864501588	12.1780135089087	0	9.72335257059322	9.72335257059322	11.0499945373214	8.45405622812682	8.45405622812682	9.30627453933903	14.5858537060687	10.6344126257297	9.91202365934049	14.1957558777141	8.27485601956127	8.27485601956127	8.24500970992315	8.77753313636005	7.92139996672487	8.95845119091762	9.00219718261382	10.1477031064989	7.81671911668358	8.40193568330283	11.3418464420183	8.67055637128291	8.55695053583063	10.5608426945119	9.39215448887183	9.37332992684396	12.0563820229674	9.09941438165745
6	9.35528481163065	10.794467021735	5.57399253280289	14.502272852133	9.72335257059322	0	0	4.02750479156378	9.74111877182845	9.74111877182845	11.5173985352178	13.3721054635989	7.93290822335732	7.0447302112166	11.9656905464614	5.81568301117399	5.81568301117399	10.6250690955369	4.57697689442974	8.31252832713751	10.0920656289575	10.0616816573245	12.3319464835323	10.8190141498588	11.1304740177379	14.7267779098595	12.5198297982228	12.2047031724581	6.44500422707074	3.5134809441814	2.03164025730863	7.64641629006985	12.3322491048305
7	9.35528481163065	10.794467021735	5.57399253280289	14.502272852133	9.72335257059322	0	0	4.02750479156378	9.74111877182845	9.74111877182845	11.5173985352178	13.3721054635989	7.93290822335732	7.0447302112166	11.9656905464614	5.81568301117399	5.81568301117399	10.6250690955369	4.57697689442974	8.31252832713751	10.0920656289575	10.0616816573245	12.3319464835323	10.8190141498588	11.1304740177379	14.7267779098595	12.5198297982228	12.2047031724581	6.44500422707074	3.5134809441814	2.03164025730863	7.64641629006985	12.3322491048305
8	8.35360705926043	12.7651923954721	8.67909870194018	12.9573155740669	11.0499945373214	4.02750479156378	4.02750479156378	0	11.1114867480647	11.1114867480647	12.6871426331609	15.1299404159948	9.58492539286043	9.08147640275757	12.6163283353266	7.47108618640158	7.47108618640158	11.1067698163217	6.19301291364575	7.96036964972405	11.5298140060662	11.4648388303873	12.7194034150559	10.0945581895193	12.0409281142105	15.1211416915218	11.4356246603914	11.7957261477983	8.03838793004005	6.02641178709996	4.51064994333259	4.77851047892472	12.4423055598622
9	8.98220509311619	9.49223594943802	7.24529083175616	15.9568243078937	8.45405622812682	9.74111877182845	9.74111877182845	11.1114867480647	0	0	4.57284088879518	10.7807870410645	7.48390501281885	6.91864117742524	11.4693016756994	5.84983808579091	5.84983808579091	4.98744777425946	8.52173869494537	6.61806943086508	6.14847713979674	6.17733996137786	8.04301986056939	9.23653109007011	5.31802648921097	13.6315845796507	12.0587381265537	10.300705515393	8.22432643785438	7.98265187195012	9.07902063249789	12.2571270042553	11.2416845865772
10	8.98220509311619	9.49223594943802	7.24529083175616	15.9568243078937	8.45405622812682	9.74111877182845	9.74111877182845	11.1114867480647	0	0	4.57284088879518	10.7807870410645	7.48390501281885	6.91864117742524	11.4693016756994	5.84983808579091	5.84983808579091	4.98744777425946	8.52173869494537	6.61806943086508	6.14847713979674	6.17733996137786	8.04301986056939	9.23653109007011	5.31802648921097	13.6315845796507	12.0587381265537	10.300705515393	8.22432643785438	7.98265187195012	9.07902063249789	12.2571270042553	11.2416845865772
11	11.0524810579984	9.04996723518329	9.48229503018162	15.5573429277747	9.30627453933903	11.5173985352178	11.5173985352178	12.6871426331609	4.57284088879518	4.57284088879518	0	9.8507700929394	8.93186257270097	8.39037781116563	12.5447865574065	8.11186942608598	8.11186942608598	6.51228464320686	10.5438844273041	9.20991940336277	8.19910782678054	8.1732801893054	6.47095627468638	9.13498287824982	4.6126693703481	12.2266202131161	12.1798734277628	11.3052014090809	10.3469535660508	9.90719281939385	10.7563290771413	13.783248534912	8.91219742077008
12	17.1997393272971	4.49111258260946	10.4815866840035	18.1851022116913	14.5858537060687	13.3721054635989	13.3721054635989	15.1299404159948	10.7807870410645	10.7807870410645	9.8507700929394	0	7.2226087497096	7.86762046907574	7.82357823380087	11.9540433740811	11.9540433740811	13.9862956665372	14.2584731455491	13.818470881264	15.3790040799062	15.3698082002899	8.96574670240489	16.028147272073	13.7141753415545	12.316395982592	16.5567100305908	18.5623736716075	9.23654950977184	10.9932241717094	12.8127095077078	17.4748040492522	12.1163770630475
13	11.9837759329799	5.96738150730633	5.79320183650547	15.2106993559837	10.6344126257297	7.93290822335732	7.93290822335732	9.58492539286043	7.48390501281885	7.48390501281885	8.93186257270097	7.2226087497096	0	1.71525020936937	5.32371414780925	6.04560639847533	6.04560639847533	10.2461562448676	8.23828438092421	8.77408309716559	11.1739784963678	11.1777802799778	8.48607283623336	12.3721191622743	10.9530535815131	11.4314009229985	12.9235045321651	14.5808997074128	3.087567322437	4.92255558872024	7.0653998805084	12.2594654658422	10.8573879331325
14	11.4360279194833	6.34241537123071	5.03840411108319	15.4090213747215	9.91202365934049	7.0447302112166	7.0447302112166	9.08147640275757	6.91864117742524	6.91864117742524	8.39037781116563	7.86762046907574	1.71525020936937	0	6.79108608142807	4.79307470072463	4.79307470072463	9.66085655048674	6.98343011364177	8.43917629245316	10.0438825343261	10.0472452949289	8.87745531810586	11.8702630010764	10.0674646455079	11.6658523247125	12.9568131703143	13.9328997159441	3.57471239497807	4.02093424917709	6.01478906506134	11.9144266118382	10.7122387331912
15	15.2176889914504	7.58821496175431	10.1499407138168	16.0201383054393	14.1957558777141	11.9656905464614	11.9656905464614	12.6163283353266	11.4693016756994	11.4693016756994	12.5447865574065	7.82357823380087	5.32371414780925	6.79108608142807	0	10.8408361789155	10.8408361789155	13.9121495776684	12.845737147267	11.6591615545636	16.0014766111599	16.0088622092137	9.68260839591948	15.6084238798495	15.2760816714194	11.8342915069869	14.5741657912239	18.0200627456211	6.42686261745255	9.47377242730715	11.3479705948213	15.0360275955416	12.9589941363277
16	8.20271435692333	10.1305988304303	5.73023357223089	15.0230320099066	8.27485601956127	5.81568301117399	5.81568301117399	7.47108618640158	5.84983808579091	5.84983808579091	8.11186942608598	11.9540433740811	6.04560639847533	4.79307470072463	10.8408361789155	0	0	7.49515144354158	3.18706189595521	6.58759124374766	6.19773591317739	6.18520954514393	10.4431403196089	9.34756558923696	7.49229681713512	13.2563688836718	11.8911121971363	10.8704073801568	6.27435053039904	3.9171529399234	4.46171106117396	9.59805577842794	11.0759487354422
17	8.20271435692333	10.1305988304303	5.73023357223089	15.0230320099066	8.27485601956127	5.81568301117399	5.81568301117399	7.47108618640158	5.84983808579091	5.84983808579091	8.11186942608598	11.9540433740811	6.04560639847533	4.79307470072463	10.8408361789155	0	0	7.49515144354158	3.18706189595521	6.58759124374766	6.19773591317739	6.18520954514393	10.4431403196089	9.34756558923696	7.49229681713512	13.2563688836718	11.8911121971363	10.8704073801568	6.27435053039904	3.9171529399234	4.46171106117396	9.59805577842794	11.0759487354422
18	7.59974904197306	12.3546917865683	9.62152205432378	15.6795204222686	8.24500970992315	10.6250690955369	10.6250690955369	11.1067698163217	4.98744777425946	4.98744777425946	6.51228464320686	13.9862956665372	10.2461562448676	9.66085655048674	13.9121495776684	7.49515144354158	7.49515144354158	0	9.16611327522431	7.14556541823422	6.61735072364522	6.55886575868929	9.78199073773711	8.0650820077713	4.72845969408349	14.6458995582823	11.4539995896603	8.52710495460367	10.511836156314	9.69542719009917	10.1845922161936	11.5933290139546	11.6957699441049
19	8.16153910075343	12.0955453184842	6.66601711247239	15.1707715379873	8.77753313636005	4.57697689442974	4.57697689442974	6.19301291364575	8.52173869494537	8.52173869494537	10.5438844273041	14.2584731455491	8.23828438092421	6.98343011364177	12.845737147267	3.18706189595521	3.18706189595521	9.16611327522431	0	7.6470774593345	7.02992961584589	7.00296513671005	12.7013142679686	9.89486701047134	9.06576358848941	14.442892354013	12.4839351056847	11.0256505194574	7.63812049632023	4.31759275056547	3.24785092142339	8.48594214389512	12.1324130941808
20	4.54481360923827	11.582597801504	8.00390532556322	12.0274969351279	7.92139996672487	8.31252832713751	8.31252832713751	7.96036964972405	6.61806943086508	6.61806943086508	9.20991940336277	13.818470881264	8.77408309716559	8.43917629245316	11.6591615545636	6.58759124374766	6.58759124374766	7.14556541823422	7.6470774593345	0	8.6874434967036	8.73223706497156	9.28730493360298	7.15087550406738	8.80305178027409	13.6615065691947	8.49193114567287	7.62567238525767	8.17185865790855	7.89451411746426	7.80494561438242	7.91374949032998	10.9284105698942
21	8.60415833055487	13.8179976800288	9.24891633326846	17.7230856579066	8.95845119091762	10.0920656289575	10.0920656289575	11.5298140060662	6.14847713979674	6.14847713979674	8.19910782678054	15.3790040799062	11.1739784963678	10.0438825343261	16.0014766111599	6.19773591317739	6.19773591317739	6.61735072364522	7.02992961584589	8.6874434967036	0	0.278170736121284	12.8819415618816	9.53440142073184	4.89561693358663	16.209840686127	13.8449026745424	9.51772523562463	11.3256985421573	9.20505501234222	9.2692210389622	12.0907090675147	13.3966858141161
22	8.61406214075164	13.8438348914204	9.31801245783956	17.7139357635107	9.00219718261382	10.0616816573245	10.0616816573245	11.4648388303873	6.17733996137786	6.17733996137786	8.1732801893054	15.3698082002899	11.1777802799778	10.0472452949289	16.0088622092137	6.18520954514393	6.18520954514393	6.55886575868929	7.00296513671005	8.73223706497156	0.278170736121284	0	12.9019161372313	9.49173368074404	4.82240430503263	16.2180505876299	13.8481278174826	9.52170787919318	11.3436513351705	9.19112205843688	9.24624800134062	12.0385661002863	13.376271494137
23	11.9134558728365	7.60756670725746	10.2165096376149	12.238548480167	10.1477031064989	12.3319464835323	12.3319464835323	12.7194034150559	8.04301986056939	8.04301986056939	6.47095627468638	8.96574670240489	8.48607283623336	8.87745531810586	9.68260839591948	10.4431403196089	10.4431403196089	9.78199073773711	12.7013142679686	9.28730493360298	12.8819415618816	12.9019161372313	0	9.98206497453278	9.82250661256241	9.23429126175076	9.87337237514032	12.8653769000313	9.53853686214203	10.723082297722	11.7883925083432	13.7464459394312	7.05872600241985
24	5.41557198844724	14.040700816311	11.6032697384079	9.68296167230175	7.81671911668358	10.8190141498588	10.8190141498588	10.0945581895193	9.23653109007011	9.23653109007011	9.13498287824982	16.028147272073	12.3721191622743	11.8702630010764	15.6084238798495	9.34756558923696	9.34756558923696	8.0650820077713	9.89486701047134	7.15087550406738	9.53440142073184	9.49173368074404	9.98206497453278	0	7.7174531982118	13.8275330493884	5.95092036046074	4.67952852842174	12.5428418460813	11.0295217768456	10.518358197358	8.81702286311264	8.78619163337256
25	8.9798047966497	12.3487747609858	10.1197364607557	15.9974899270216	8.40193568330283	11.1304740177379	11.1304740177379	12.0409281142105	5.31802648921097	5.31802648921097	4.6126693703481	13.7141753415545	10.9530535815131	10.0674646455079	15.2760816714194	7.49229681713512	7.49229681713512	4.72845969408349	9.06576358848941	8.80305178027409	4.89561693358663	4.82240430503263	9.82250661256241	7.7174531982118	0	14.0459853025726	12.1611913914499	9.01051577472098	11.6575768905118	10.1189263365683	10.3680215250311	12.4891997948812	10.4363703827336
26	15.4301403045744	10.8579803195727	13.2238525744563	13.0945701676822	11.3418464420183	14.7267779098595	14.7267779098595	15.1211416915218	13.6315845796507	13.6315845796507	12.2266202131161	12.316395982592	11.4314009229985	11.6658523247125	11.8342915069869	13.2563688836718	13.2563688836718	14.6458995582823	14.442892354013	13.6615065691947	16.209840686127	16.2180505876299	9.23429126175076	13.8275330493884	14.0459853025726	0	12.4343528233183	16.9268247745856	12.2076754505133	12.9441284858761	13.8573199564774	16.5139590371333	7.74738508669494
27	8.14597702678237	14.4381675538012	13.0282203542989	4.91459784163768	8.67055637128291	12.5198297982228	12.5198297982228	11.4356246603914	12.0587381265537	12.0587381265537	12.1798734277628	16.5567100305908	12.9235045321651	12.9568131703143	14.5741657912239	11.8911121971363	11.8911121971363	11.4539995896603	12.4839351056847	8.49193114567287	13.8449026745424	13.8481278174826	9.87337237514032	5.95092036046074	12.1611913914499	12.4343528233183	0	8.5139556501752	12.9379270997074	12.6044755899414	12.2906710448729	10.3659133891399	8.23173175894096
28	5.04816315724146	16.4486580804834	12.6549635501416	12.3982858525638	8.55695053583063	12.2047031724581	12.2047031724581	11.7957261477983	10.300705515393	10.300705515393	11.3052014090809	18.5623736716075	14.5808997074128	13.9328997159441	18.0200627456211	10.8704073801568	10.8704073801568	8.52710495460367	11.0256505194574	7.62567238525767	9.51772523562463	9.52170787919318	12.8653769000313	4.67952852842174	9.01051577472098	16.9268247745856	8.5139556501752	0	14.3464194394617	12.7834668594588	12.0957118402874	10.2647366966618	12.4237488724255
29	11.240328089647	7.16850236472015	4.67277595934892	15.0917826245035	10.5608426945119	6.44500422707074	6.44500422707074	8.03838793004005	8.22432643785438	8.22432643785438	10.3469535660508	9.23654950977184	3.087567322437	3.57471239497807	6.42686261745255	6.27435053039904	6.27435053039904	10.511836156314	7.63812049632023	8.17185865790855	11.3256985421573	11.3436513351705	9.53853686214203	12.5428418460813	11.6575768905118	12.2076754505133	12.9379270997074	14.3464194394617	0	3.83444736319287	5.96151538972167	10.8831462438816	11.8607830434854
30	9.82101672037195	8.74055907600872	4.05323326508307	14.9175160616959	9.39215448887183	3.5134809441814	3.5134809441814	6.02641178709996	7.98265187195012	7.98265187195012	9.90719281939385	10.9932241717094	4.92255558872024	4.02093424917709	9.47377242730715	3.9171529399234	3.9171529399234	9.69542719009917	4.31759275056547	7.89451411746426	9.20505501234222	9.19112205843688	10.723082297722	11.0295217768456	10.1189263365683	12.9441284858761	12.6044755899414	12.7834668594588	3.83444736319287	0	2.71780202265452	9.22720743354963	11.4933641527816
31	9.16337664474095	10.4274640566341	5.50195357071951	14.3436581214053	9.37332992684396	2.03164025730863	2.03164025730863	4.51064994333259	9.07902063249789	9.07902063249789	10.7563290771413	12.8127095077078	7.0653998805084	6.01478906506134	11.3479705948213	4.46171106117396	4.46171106117396	10.1845922161936	3.24785092142339	7.80494561438242	9.2692210389622	9.24624800134062	11.7883925083432	10.518358197358	10.3680215250311	13.8573199564774	12.2906710448729	12.0957118402874	5.96151538972167	2.71780202265452	0	7.95307292506281	11.5139581685637
32	6.61160860903708	14.9065267372155	11.0627454965278	11.998944159511	12.0563820229674	7.64641629006985	7.64641629006985	4.77851047892472	12.2571270042553	12.2571270042553	13.783248534912	17.4748040492522	12.2594654658422	11.9144266118382	15.0360275955416	9.59805577842794	9.59805577842794	11.5933290139546	8.48594214389512	7.91374949032998	12.0907090675147	12.0385661002863	13.7464459394312	8.81702286311264	12.4891997948812	16.5139590371333	10.3659133891399	10.2647366966618	10.8831462438816	9.22720743354963	7.95307292506281	0	13.2029593795683
33	12.1356276786193	10.633754711393	12.02350426319	9.18170238544988	9.09941438165745	12.3322491048305	12.3322491048305	12.4423055598622	11.2416845865772	11.2416845865772	8.91219742077008	12.1163770630475	10.8573879331325	10.7122387331912	12.9589941363277	11.0759487354422	11.0759487354422	11.6957699441049	12.1324130941808	10.9284105698942	13.3966858141161	13.376271494137	7.05872600241985	8.78619163337256	10.4363703827336	7.74738508669494	8.23173175894096	12.4237488724255	11.8607830434854	11.4933641527816	11.5139581685637	13.2029593795683	0
