1	2	3	4	5	6	7	8	9	10	11	12	13	14	15	16	17	18	19	20	21	22	23	24	25	26	27	28	29	30	31	32	33
1	0	6.06316012470227	2.52676252201823	4.09465842182779	1.32068405671536	2.43078634789046	2.43078634789046	2.35484284322576	4.81634021719552	4.81634021719552	7.8144587652851	8.69361770379078	4.73006924978726	4.82756879235686	4.40631956955272	4.04534266426379	4.04534266426379	4.23664836262416	3.51091056944237	1.21823218359919	4.61788094670557	4.70564775535954	5.83455211076319	4.12091412897474	6.57492185369196	6.44543863355629	3.14570323919436	3.16504764467348	3.98209598167887	3.80860548753061	3.50662010463274	1.33216970156603	6.68574012713886
2	6.06316012470227	0	4.07218982923517	6.85441439719501	5.44726568549069	3.7535470606736	3.7535470606736	3.88876114609814	1.43178195463216	1.43178195463216	2.28201816904297	2.74687384555399	2.15303074870118	2.02668618037456	3.09504186390741	2.7485501294577	2.7485501294577	1.87827719127473	3.77008376251725	4.85208859054128	1.70924106577331	1.5888602727098	1.37214696807496	4.52570853836062	0.655018507300984	4.06141718676355	6.71382811061863	6.17533336206274	3.93721092500625	3.29271467114969	3.11335931638497	4.84927218097052	1.9325101581393
3	2.52676252201823	4.07218982923517	0	5.52925464354313	2.6211813028403	0.730238759615455	0.730238759615455	0.66543310869761	3.06688936964889	3.06688936964889	6.16145345693077	6.79456584819347	2.32432215157305	2.44091405217418	1.90530305696472	1.59046986811766	1.59046986811766	2.33497189000099	1.03483700295828	1.511057432292	2.41683734600015	2.5276291244962	4.29698318487084	4.36480579204843	4.67993755619959	4.36419398733807	4.85505553388932	4.58313992190114	1.58837751847041	1.3004078011393	1.06884742665345	1.22392935296893	5.26870170186972
4	4.09465842182779	6.85441439719501	5.52925464354313	0	3.14718218855963	4.91450877517926	4.91450877517926	4.9352094742454	5.81371191153376	5.81371191153376	7.64564267366373	8.69125072869267	6.71104331507421	6.7337477081187	6.89527679535222	6.401697911309	6.401697911309	5.66907262521596	6.40392510538385	4.23003552954351	6.29397506446317	6.30650908832136	6.08674187178284	2.79010255553558	7.07042600591957	8.12767344982549	1.18630319614932	1.70604884696277	6.90631820829805	6.4222263234508	5.95159667248886	4.58681243781033	6.27388483411291
5	1.32068405671536	5.44726568549069	2.6211813028403	3.14718218855963	0	2.19596062781819	2.19596062781819	2.14120423292931	4.28957572286437	4.28957572286437	7.07283801209382	7.9201010311514	4.40766272680928	4.48012300799859	4.26312472619604	3.89093343852483	3.89093343852483	3.78222434738243	3.54913537419929	1.30449277609295	4.23430365008447	4.29852566065411	5.16584436382067	3.24797181072461	5.91303801659338	5.93016853246773	2.4664186408243	2.55141375465806	4.03176537442973	3.71317058757888	3.32927890565567	1.57629318848089	5.81938623477994
6	2.43078634789046	3.7535470606736	0.730238759615455	4.91450877517926	2.19596062781819	0	0	0.187477778489684	2.66845578953341	2.66845578953341	5.73872938487409	6.44368993943515	2.31468727136808	2.40542036301221	2.15875354160228	1.70518993090737	1.70518993090737	1.97447621769971	1.52399956942464	1.25281967341481	2.23149405174742	2.32313653236033	3.83368472683223	3.68151758877258	4.32609648978045	4.40991712056376	4.31499129478457	4.02066027555194	2.08007667257572	1.59221816321696	1.16172403234677	1.13587241763174	4.74019882037379
7	2.43078634789046	3.7535470606736	0.730238759615455	4.91450877517926	2.19596062781819	0	0	0.187477778489684	2.66845578953341	2.66845578953341	5.73872938487409	6.44368993943515	2.31468727136808	2.40542036301221	2.15875354160228	1.70518993090737	1.70518993090737	1.97447621769971	1.52399956942464	1.25281967341481	2.23149405174742	2.32313653236033	3.83368472683223	3.68151758877258	4.32609648978045	4.40991712056376	4.31499129478457	4.02066027555194	2.08007667257572	1.59221816321696	1.16172403234677	1.13587241763174	4.74019882037379
8	2.35484284322576	3.88876114609814	0.66543310869761	4.9352094742454	2.14120423292931	0.187477778489684	0.187477778489684	0	2.83542440045085	2.83542440045085	5.8933812844817	6.57190798776646	2.38889533355418	2.48412854468223	2.16767129779948	1.7797624148841	1.7797624148841	2.13443820776652	1.48367796129967	1.21501530129926	2.35959009931615	2.45302074662093	4.0000054134437	3.80263066369622	4.46820541066686	4.36950031123257	4.33312760432997	4.07474717101721	2.02493357900738	1.59524821229918	1.20640731283794	1.06050472367515	4.88675292939735
9	4.81634021719552	1.43178195463216	3.06688936964889	5.81371191153376	4.28957572286437	2.66845578953341	2.66845578953341	2.83542440045085	0	0	3.1373008340891	4.03381583850151	1.94177196733116	1.87910561910615	2.75895072617713	2.09771672824558	2.09771672824558	0.747929874611239	3.0806022701091	3.62127745546667	1.14634393215674	1.07262704587116	1.25940144831341	3.43656593822456	1.84217051294713	4.56838113133004	5.51331563880421	4.9235740389545	3.43729146154867	2.68816388219605	2.33282329949211	3.66312479169265	2.40722469821405
10	4.81634021719552	1.43178195463216	3.06688936964889	5.81371191153376	4.28957572286437	2.66845578953341	2.66845578953341	2.83542440045085	0	0	3.1373008340891	4.03381583850151	1.94177196733116	1.87910561910615	2.75895072617713	2.09771672824558	2.09771672824558	0.747929874611239	3.0806022701091	3.62127745546667	1.14634393215674	1.07262704587116	1.25940144831341	3.43656593822456	1.84217051294713	4.56838113133004	5.51331563880421	4.9235740389545	3.43729146154867	2.68816388219605	2.33282329949211	3.66312479169265	2.40722469821405
11	7.8144587652851	2.28201816904297	6.16145345693077	7.64564267366373	7.07283801209382	5.73872938487409	5.73872938487409	5.8933812844817	3.1373008340891	3.1373008340891	0	1.58128917029077	4.42832929728215	4.30415330174479	5.37211733331658	4.95944147712585	4.95944147712585	3.83468151316693	5.99972344947609	6.65771101932525	3.89071486342685	3.77184612656652	2.00151509245156	5.1161578277903	1.63195586885021	5.98615840276409	7.71121795249225	7.08537556220373	6.20668151266733	5.53656039239903	5.29925742776126	6.74194902865945	1.44732464320706
12	8.69361770379078	2.74687384555399	6.79456584819347	8.69125072869267	7.9201010311514	6.44368993943515	6.44368993943515	6.57190798776646	4.03381583850151	4.03381583850151	1.58128917029077	0	4.73635231747977	4.60146139875246	5.6273856099939	5.43711290479493	5.43711290479493	4.59802772221812	6.42379024611091	7.50518530155999	4.44070994324787	4.32242495284834	3.17072197530541	6.35967758870611	2.20007953307797	5.52132611589848	8.81808597224714	8.27901395462676	6.49619823189876	5.93405071227036	5.81180566118132	7.53378126498382	2.48846288306845
13	4.73006924978726	2.15303074870118	2.32432215157305	6.71104331507421	4.40766272680928	2.31468727136808	2.31468727136808	2.38889533355418	1.94177196733116	1.94177196733116	4.42832929728215	4.73635231747977	0	0.135142392894854	0.944109066200612	0.827212463209942	0.827212463209942	1.44597057163072	1.70802322351519	3.55883528747455	0.81284086716129	0.875487021447222	3.00260085162645	4.87396377468259	2.80620920813776	3.01949831891233	6.32532510615232	5.9212318737192	1.7907608042016	1.21791642912486	1.25837230178224	3.40486427574379	3.85393506419649
14	4.82756879235686	2.02668618037456	2.44091405217418	6.7337477081187	4.48012300799859	2.40542036301221	2.40542036301221	2.48412854468223	1.87910561910615	1.87910561910615	4.30415330174479	4.60146139875246	0.135142392894854	0	1.06855807992006	0.945376597389171	0.945376597389171	1.42598626096086	1.841511638881	3.64957906099181	0.771046656929643	0.817166503702066	2.9076860651459	4.86498809647028	2.67964106684098	3.00964221689404	6.36600720978344	5.95490977410913	1.92106099095385	1.35086940714368	1.37394819489812	3.50511352789625	3.74285553039448
15	4.40631956955272	3.09504186390741	1.90530305696472	6.89527679535222	4.26312472619604	2.15875354160228	2.15875354160228	2.16767129779948	2.75895072617713	2.75895072617713	5.37211733331658	5.6273856099939	0.944109066200612	1.06855807992006	0	0.8327856536593	0.8327856536593	2.13040049907435	0.990041885527581	3.34054489043177	1.63594747623598	1.73115992308318	3.90063357051902	5.34170293384805	3.74817040653984	2.89326715445807	6.42180572768992	6.09938369897918	0.874267021108576	0.606205312177765	1.02905077501671	3.09900902121721	4.76242781640362
16	4.04534266426379	2.7485501294577	1.59046986811766	6.401697911309	3.89093343852483	1.70518993090737	1.70518993090737	1.7797624148841	2.09771672824558	2.09771672824558	4.95944147712585	5.43711290479493	0.827212463209942	0.945376597389171	0.8327856536593	0	0	1.42729574224316	1.08177464748651	2.89815555684784	1.07227188805662	1.19083947816601	3.31621278254741	4.66465282550632	3.38692468875081	3.55757400943811	5.88963970392481	5.48494099164888	1.36916017106708	0.667784576851977	0.615605647555991	2.71380764247562	4.31022602797943
17	4.04534266426379	2.7485501294577	1.59046986811766	6.401697911309	3.89093343852483	1.70518993090737	1.70518993090737	1.7797624148841	2.09771672824558	2.09771672824558	4.95944147712585	5.43711290479493	0.827212463209942	0.945376597389171	0.8327856536593	0	0	1.42729574224316	1.08177464748651	2.89815555684784	1.07227188805662	1.19083947816601	3.31621278254741	4.66465282550632	3.38692468875081	3.55757400943811	5.88963970392481	5.48494099164888	1.36916017106708	0.667784576851977	0.615605647555991	2.71380764247562	4.31022602797943
18	4.23664836262416	1.87827719127473	2.33497189000099	5.66907262521596	3.78222434738243	1.97447621769971	1.97447621769971	2.13443820776652	0.747929874611239	0.747929874611239	3.83468151316693	4.59802772221812	1.44597057163072	1.42598626096086	2.13040049907435	1.42729574224316	1.42729574224316	0	2.35125622631327	3.02214735979185	0.710177411583281	0.711572666378858	1.99137591772019	3.536404784933	2.41737083815119	4.19830239057436	5.28672646791343	4.76333584267222	2.73855245974423	1.97955733379724	1.59330648779985	3.01791168808877	3.04404392768082
19	3.51091056944237	3.77008376251725	1.03483700295828	6.40392510538385	3.54913537419929	1.52399956942464	1.52399956942464	1.48367796129967	3.0806022701091	3.0806022701091	5.99972344947609	6.42379024611091	1.70802322351519	1.841511638881	0.990041885527581	1.08177464748651	1.08177464748651	2.35125622631327	0	2.53441701815893	2.11981931416137	2.23544821688543	4.31546192199293	5.09091479785575	4.4169698792524	3.57833850329705	5.81401072366145	5.53739685704625	0.586733146640711	0.491832189850861	0.781255154948119	2.24058187869434	5.25551500851257
20	1.21823218359919	4.85208859054128	1.511057432292	4.23003552954351	1.30449277609295	1.25281967341481	1.25281967341481	1.21501530129926	3.62127745546667	3.62127745546667	6.65771101932525	7.50518530155999	3.55883528747455	3.64957906099181	3.34054489043177	2.89815555684784	2.89815555684784	3.02214735979185	2.53441701815893	0	3.40472015372239	3.49043838733477	4.68393268313488	3.52808734208344	5.37413238008052	5.51166844203039	3.43133265338258	3.22630449207839	3.06891968037275	2.74473585402397	2.3742940689225	0.384053940528499	5.5739768298539
21	4.61788094670557	1.70924106577331	2.41683734600015	6.29397506446317	4.23430365008447	2.23149405174742	2.23149405174742	2.35959009931615	1.14634393215674	1.14634393215674	3.89071486342685	4.44070994324787	0.81284086716129	0.771046656929643	1.63594747623598	1.07227188805662	1.07227188805662	0.710177411583281	2.11981931416137	3.40472015372239	0	0.121288709730255	2.28274997264129	4.23421723004144	2.33354715377605	3.69373640831865	5.91417219919828	5.42712199729021	2.37892796606902	1.67115525887749	1.45629968123901	3.32727091834282	3.27034252281967
22	4.70564775535954	1.5888602727098	2.5276291244962	6.30650908832136	4.29852566065411	2.32313653236033	2.32313653236033	2.45302074662093	1.07262704587116	1.07262704587116	3.77184612656652	4.32242495284834	0.875487021447222	0.817166503702066	1.73115992308318	1.19083947816601	1.19083947816601	0.711572666378858	2.23544821688543	3.49043838733477	0.121288709730255	0	2.17957489489614	4.2185919143291	2.21286304267262	3.70238923325567	5.94489048770051	5.45223787014951	2.48732276579771	1.78326378789855	1.56856636208946	3.42149838835119	3.15751309082106
23	5.83455211076319	1.37214696807496	4.29698318487084	6.08674187178284	5.16584436382067	3.83368472683223	3.83368472683223	4.0000054134437	1.25940144831341	1.25940144831341	2.00151509245156	3.17072197530541	3.00260085162645	2.9076860651459	3.90063357051902	3.31621278254741	3.31621278254741	1.99137591772019	4.31546192199293	4.68393268313488	2.28274997264129	2.17957489489614	0	3.50840220692345	1.26240362000415	5.23054720979843	5.96793439432457	5.33032488148084	4.6388303365948	3.90169895242381	3.56405744545236	4.78173691201042	1.31803383890483
24	4.12091412897474	4.52570853836062	4.36480579204843	2.79010255553558	3.24797181072461	3.68151758877258	3.68151758877258	3.80263066369622	3.43656593822456	3.43656593822456	5.1161578277903	6.35967758870611	4.87396377468259	4.86498809647028	5.34170293384805	4.66465282550632	4.66465282550632	3.536404784933	5.09091479785575	3.52808734208344	4.23421723004144	4.2185919143291	3.50840220692345	0	4.65138176885619	6.95702960716904	2.70240414281129	2.03011102978211	5.6274536699782	4.9518618675477	4.42997283664465	3.86660727340323	3.88642857591889
25	6.57492185369196	0.655018507300984	4.67993755619959	7.07042600591957	5.91303801659338	4.32609648978045	4.32609648978045	4.46820541066686	1.84217051294713	1.84217051294713	1.63195586885021	2.20007953307797	2.80620920813776	2.67964106684098	3.74817040653984	3.38692468875081	3.38692468875081	2.41737083815119	4.4169698792524	5.37413238008052	2.33354715377605	2.21286304267262	1.26240362000415	4.65138176885619	0	4.54876086205796	6.99529702751897	6.42687102557353	4.59134619959567	3.94254924366393	3.74743068121734	5.39896262906574	1.52231726901532
26	6.44543863355629	4.06141718676355	4.36419398733807	8.12767344982549	5.93016853246773	4.40991712056376	4.40991712056376	4.36950031123257	4.56838113133004	4.56838113133004	5.98615840276409	5.52132611589848	3.01949831891233	3.00964221689404	2.89326715445807	3.55757400943811	3.55757400943811	4.19830239057436	3.57833850329705	5.51166844203039	3.69373640831865	3.70238923325567	5.23054720979843	6.95702960716904	4.54876086205796	0	8.01219337137298	7.88115948818558	3.22813722440816	3.32518583220267	3.6008272280915	5.31130927654719	5.42672163515143
27	3.14570323919436	6.71382811061863	4.85505553388932	1.18630319614932	2.4664186408243	4.31499129478457	4.31499129478457	4.33312760432997	5.51331563880421	5.51331563880421	7.71121795249225	8.81808597224714	6.32532510615232	6.36600720978344	6.42180572768992	5.88963970392481	5.88963970392481	5.28672646791343	5.81401072366145	3.43133265338258	5.91417219919828	5.94489048770051	5.96793439432457	2.70240414281129	6.99529702751897	8.01219337137298	0	0.894596208971009	6.34483694936053	5.89345843680866	5.42693971031358	3.79669844172602	6.40089888331718
28	3.16504764467348	6.17533336206274	4.58313992190114	1.70604884696277	2.55141375465806	4.02066027555194	4.02066027555194	4.07474717101721	4.9235740389545	4.9235740389545	7.08537556220373	8.27901395462676	5.9212318737192	5.95490977410913	6.09938369897918	5.48494099164888	5.48494099164888	4.76333584267222	5.53739685704625	3.22630449207839	5.42712199729021	5.45223787014951	5.33032488148084	2.03011102978211	6.42687102557353	7.88115948818558	0.894596208971009	0	6.09660324721771	5.57858572984712	5.08546848649141	3.60904632524839	5.84150269084114
29	3.98209598167887	3.93721092500625	1.58837751847041	6.90631820829805	4.03176537442973	2.08007667257572	2.08007667257572	2.02493357900738	3.43729146154867	3.43729146154867	6.20668151266733	6.49619823189876	1.7907608042016	1.92106099095385	0.874267021108576	1.36916017106708	1.36916017106708	2.73855245974423	0.586733146640711	3.06891968037275	2.37892796606902	2.48732276579771	4.6388303365948	5.6274536699782	4.59134619959567	3.22813722440816	6.34483694936053	6.09660324721771	0	0.762108534166383	1.2408079016062	2.75764734825098	5.52998250150183
30	3.80860548753061	3.29271467114969	1.3004078011393	6.4222263234508	3.71317058757888	1.59221816321696	1.59221816321696	1.59524821229918	2.68816388219605	2.68816388219605	5.53656039239903	5.93405071227036	1.21791642912486	1.35086940714368	0.606205312177765	0.667784576851977	0.667784576851977	1.97955733379724	0.491832189850861	2.74473585402397	1.67115525887749	1.78326378789855	3.90169895242381	4.9518618675477	3.94254924366393	3.32518583220267	5.89345843680866	5.57858572984712	0.762108534166383	0	0.524160580185345	2.49793318094979	4.82167149764356
31	3.50662010463274	3.11335931638497	1.06884742665345	5.95159667248886	3.32927890565567	1.16172403234677	1.16172403234677	1.20640731283794	2.33282329949211	2.33282329949211	5.29925742776126	5.81180566118132	1.25837230178224	1.37394819489812	1.02905077501671	0.615605647555991	0.615605647555991	1.59330648779985	0.781255154948119	2.3742940689225	1.45629968123901	1.56856636208946	3.56405744545236	4.42997283664465	3.74743068121734	3.6008272280915	5.42693971031358	5.08546848649141	1.2408079016062	0.524160580185345	0	2.17759955406087	4.50406924267865
32	1.33216970156603	4.84927218097052	1.22392935296893	4.58681243781033	1.57629318848089	1.13587241763174	1.13587241763174	1.06050472367515	3.66312479169265	3.66312479169265	6.74194902865945	7.53378126498382	3.40486427574379	3.50511352789625	3.09900902121721	2.71380764247562	2.71380764247562	3.01791168808877	2.24058187869434	0.384053940528499	3.32727091834282	3.42149838835119	4.78173691201042	3.86660727340323	5.39896262906574	5.31130927654719	3.79669844172602	3.60904632524839	2.75764734825098	2.49793318094979	2.17759955406087	0	5.69651199616
33	6.68574012713886	1.9325101581393	5.26870170186972	6.27388483411291	5.81938623477994	4.74019882037379	4.74019882037379	4.88675292939735	2.40722469821405	2.40722469821405	1.44732464320706	2.48846288306845	3.85393506419649	3.74285553039448	4.76242781640362	4.31022602797943	4.31022602797943	3.04404392768082	5.25551500851257	5.5739768298539	3.27034252281967	3.15751309082106	1.31803383890483	3.88642857591889	1.52231726901532	5.42672163515143	6.40089888331718	5.84150269084114	5.52998250150183	4.82167149764356	4.50406924267865	5.69651199616	0
