1	2	3	4	5	6	7	8	9	10	11	12	13	14	15	16	17	18	19	20	21	22	23	24	25	26	27	28	29	30	31	32	33
1	0	6.86807480464966	3.97231278809538	3.55487981581585	4.51550079647863	3.60933936800065	3.60933936800065	3.1954420470768	2.86265140438856	2.86265140438856	3.54822643845006	7.52098366877013	4.96468658354355	4.57768635388503	7.02360629769848	2.82842328369732	2.82842328369732	3.90139255984191	3.51527225370985	2.19638563837975	1.74306652877266	1.7474180932718	5.6794009450356	1.92038721042977	1.90097218538724	7.04656054619503	3.27004694786546	1.58245925184395	4.92220760047913	3.68158228592169	3.42642958659998	2.4784897460957	4.97431568431282
2	6.86807480464966	0	3.44384304211508	7.6484917948641	6.49844748405771	5.49039543459551	5.49039543459551	5.85037085030818	4.16600527111467	4.16600527111467	4.07835748849615	0.828710394034429	3.04907683804349	3.64781536459045	1.15374794188727	6.29710357307255	6.29710357307255	3.06623845539967	7.48700764098912	4.94466817673883	7.69169730586129	7.63610000317738	4.12101331102875	7.42076717511896	5.97395858447312	6.85074526503923	7.0631509321382	7.23573126622326	3.12633480231342	4.95184646306243	6.10154124457624	7.23637622289253	6.74608634705882
3	3.97231278809538	3.44384304211508	0	6.03922532369145	5.63138858408929	2.1630707715405	2.1630707715405	2.42667060901591	1.94357119800867	1.94357119800867	3.09088542256711	3.99686070267307	1.37721169696781	1.41426638321849	3.21837644176341	3.07511531235117	3.07511531235117	1.97900952425866	4.35922381292994	2.19115446635634	4.59180414266019	4.53237262054816	4.81107914094261	5.14709101706345	3.83320183309269	7.30180087305133	5.51483856334295	4.90154422098457	1.00009414746678	1.71928076241473	2.83901865940055	3.81087462550714	5.99446465958409
4	3.55487981581585	7.6484917948641	6.03922532369145	0	1.92408429916979	6.40803563704408	6.40803563704408	6.25101757278066	4.67167035635458	4.67167035635458	3.66620406688352	8.20995464443749	6.58922465896069	6.30875697548773	8.23441500708778	5.36701843542448	5.36701843542448	4.87143287079512	5.78521436159989	4.67517096569286	4.14861855896221	4.16761255310217	5.27058492182031	1.70748165130076	2.26812264167179	4.32246159395221	0.654536121513828	2.11142240327632	7.01337920449026	6.17500696312996	6.10447332914817	5.91481830534279	2.28410881407983
5	4.51550079647863	6.49844748405771	5.63138858408929	1.92408429916979	0	6.42527498291421	6.42527498291421	6.45518100649344	4.57993782055071	4.57993782055071	3.02964576548519	6.94374718611328	5.84696276289197	5.67152024875313	7.19006452079245	5.57049478703838	5.57049478703838	4.23054268608134	6.13046807866517	4.90103639807535	5.0496614973487	5.04254085400834	4.50662303141386	3.13449269527295	2.67650600399518	2.72474409207905	1.76728566572497	3.44195344870451	6.49588574165899	6.01711139185559	6.20527709519126	6.61130110201696	0.574500235342483
6	3.60933936800065	5.49039543459551	2.1630707715405	6.40803563704408	6.42527498291421	0	0	0.661378050214807	3.27206823478825	3.27206823478825	4.55114592379185	5.92201578142495	2.6710078768144	2.20032970695434	5.05258635241554	1.56820152237647	1.56820152237647	3.83442798305473	2.6441626454847	2.86945628060524	3.49499702014117	3.42962426098966	6.68692490015147	5.16629513522629	4.21957702204496	8.58409911938232	6.03559547612374	4.96821128077115	2.5333633542327	0.656148925514656	0.929162063149888	2.28320400240274	6.75177996086381
7	3.60933936800065	5.49039543459551	2.1630707715405	6.40803563704408	6.42527498291421	0	0	0.661378050214807	3.27206823478825	3.27206823478825	4.55114592379185	5.92201578142495	2.6710078768144	2.20032970695434	5.05258635241554	1.56820152237647	1.56820152237647	3.83442798305473	2.6441626454847	2.86945628060524	3.49499702014117	3.42962426098966	6.68692490015147	5.16629513522629	4.21957702204496	8.58409911938232	6.03559547612374	4.96821128077115	2.5333633542327	0.656148925514656	0.929162063149888	2.28320400240274	6.75177996086381
8	3.1954420470768	5.85037085030818	2.42667060901591	6.25101757278066	6.45518100649344	0.661378050214807	0.661378050214807	0	3.16847772477014	3.16847772477014	4.57752516613395	6.34381833356101	3.18188797049671	2.74162010640198	5.4709864306709	1.56959812197965	1.56959812197965	3.94726205254607	2.633352783948	2.60726713789778	3.16912063073586	3.10988395314267	6.69541502977877	4.88988184401504	4.0748748308589	8.70393756657253	5.88486965432024	4.64938115959079	2.89934142717593	1.21371536253562	1.12377863448225	1.67370627022984	6.81709123770897
9	2.86265140438856	4.16600527111467	1.94357119800867	4.67167035635458	4.57993782055071	3.27206823478825	3.27206823478825	3.16847772477014	0	0	1.8370251287005	4.89994255310764	3.10581894580355	3.07792479976138	4.42004519567975	3.56068546050358	3.56068546050358	1.34243365329221	4.82312854499689	0.895802581888308	4.12387306751967	4.08648328237771	3.56798332243964	3.78302105877729	2.59059002938381	6.34978915588008	4.08265976821917	3.4367600175585	2.818660879083	3.00909649505367	3.7130299099848	3.78596008876763	5.06346826442852
10	2.86265140438856	4.16600527111467	1.94357119800867	4.67167035635458	4.57993782055071	3.27206823478825	3.27206823478825	3.16847772477014	0	0	1.8370251287005	4.89994255310764	3.10581894580355	3.07792479976138	4.42004519567975	3.56068546050358	3.56068546050358	1.34243365329221	4.82312854499689	0.895802581888308	4.12387306751967	4.08648328237771	3.56798332243964	3.78302105877729	2.59059002938381	6.34978915588008	4.08265976821917	3.4367600175585	2.818660879083	3.00909649505367	3.7130299099848	3.78596008876763	5.06346826442852
11	3.54822643845006	4.07835748849615	3.09088542256711	3.66620406688352	3.02964576548519	4.55114592379185	4.55114592379185	4.57752516613395	1.8370251287005	1.8370251287005	0	4.73483046712427	3.67319243378134	3.68851215216217	4.70630818507531	4.42022157481454	4.42022157481454	1.32196700431653	5.51880161462471	2.51817092569982	4.68659374402558	4.65593323956892	2.56101310333401	3.49001845010798	2.17069241536452	4.5186604956718	3.04457625491384	3.33621722724219	3.91220033273811	4.12346126319471	4.76339792105636	5.14359271837661	3.49307819051516
12	7.52098366877013	0.828710394034429	3.99686070267307	8.20995464443749	6.94374718611328	5.92201578142495	5.92201578142495	6.34381833356101	4.89994255310764	4.89994255310764	4.73483046712427	0	3.34591277197119	3.94980369359739	1.20476282342356	6.72945140094178	6.72945140094178	3.76966679246072	7.85838028846156	5.65698245375691	8.22797849247861	8.16957376429595	4.80164151957874	8.04441399273951	6.57880037855473	7.14849437935135	7.64845468415291	7.89335549721926	3.57882942368231	5.36250061003846	6.5004320709775	7.80288114171268	7.13596914134193
13	4.96468658354355	3.04907683804349	1.37721169696781	6.58922465896069	5.84696276289197	2.6710078768144	2.6710078768144	3.18188797049671	3.10581894580355	3.10581894580355	3.67319243378134	3.34591277197119	0	0.634062946588237	2.64529707200024	3.47766582543749	3.47766582543749	2.61547924532376	4.58293897001655	3.4543505658514	5.26379109624534	5.19761208048446	5.35780083817859	5.92021067857649	4.52438857083051	7.29081007461036	6.10729997255073	5.77959247435182	1.25715346379518	2.06961402246864	3.17366269372768	4.72729774378688	6.09995826785326
14	4.57768635388503	3.64781536459045	1.41426638321849	6.30875697548773	5.67152024875313	2.20032970695434	2.20032970695434	2.74162010640198	3.07792479976138	3.07792479976138	3.68851215216217	3.94980369359739	0.634062946588237	0	3.27910998358287	2.88302458312766	2.88302458312766	2.76904056819792	3.95657919043066	3.29319985425932	4.72607512350576	4.65822172299673	5.61998912048744	5.57031123428852	4.22579414260071	7.31350536608802	5.86416909004855	5.45317503594147	1.56623645919829	1.56452186832345	2.59611047343774	4.26391343742595	5.91875730489492
15	7.02360629769848	1.15374794188727	3.21837644176341	8.23441500708778	7.19006452079245	5.05258635241554	5.05258635241554	5.4709864306709	4.42004519567975	4.42004519567975	4.70630818507531	1.20476282342356	2.64529707200024	3.27910998358287	0	6.05941972856869	6.05941972856869	3.52584919993773	7.21673542332988	5.0673044331891	7.69449293269095	7.63363174619733	5.10129168637704	7.81945963016031	6.36721304755886	7.79897172977244	7.66411916557655	7.62017355875256	2.59739762621732	4.55301080070904	5.72396861582121	6.98864898390019	7.43717041003749
16	2.82842328369732	6.29710357307255	3.07511531235117	5.36701843542448	5.57049478703838	1.56820152237647	1.56820152237647	1.56959812197965	3.56068546050358	3.56068546050358	4.42022157481454	6.72945140094178	3.47766582543749	2.88302458312766	6.05941972856869	0	0	4.14403370099935	1.31925215353723	3.0731273035887	2.15235908522085	2.08165814697962	6.85777859559031	4.13597744773148	3.41528341363173	7.98279104541099	5.11762649336345	4.06460992192116	3.73572488942266	1.66628076726706	0.817636931181977	2.03658551809324	5.85347863138286
17	2.82842328369732	6.29710357307255	3.07511531235117	5.36701843542448	5.57049478703838	1.56820152237647	1.56820152237647	1.56959812197965	3.56068546050358	3.56068546050358	4.42022157481454	6.72945140094178	3.47766582543749	2.88302458312766	6.05941972856869	0	0	4.14403370099935	1.31925215353723	3.0731273035887	2.15235908522085	2.08165814697962	6.85777859559031	4.13597744773148	3.41528341363173	7.98279104541099	5.11762649336345	4.06460992192116	3.73572488942266	1.66628076726706	0.817636931181977	2.03658551809324	5.85347863138286
18	3.90139255984191	3.06623845539967	1.97900952425866	4.87143287079512	4.23054268608134	3.83442798305473	3.83442798305473	3.94726205254607	1.34243365329221	1.34243365329221	1.32196700431653	3.76966679246072	2.61547924532376	2.76904056819792	3.52584919993773	4.14403370099935	4.14403370099935	0	5.38257391595944	2.19539845265167	4.95468006050918	4.91070942358993	2.9217466525538	4.40762167186514	3.00805139311617	5.57516931480385	4.26535124498371	4.18322710685689	2.67385068135234	3.37161378393943	4.26179841239395	4.86351261265139	4.64121899636936
19	3.51527225370985	7.48700764098912	4.35922381292994	5.78521436159989	6.13046807866517	2.6441626454847	2.6441626454847	2.633352783948	4.82312854499689	4.82312854499689	5.51880161462471	7.85838028846156	4.58293897001655	3.95657919043066	7.21673542332988	1.31925215353723	1.31925215353723	5.38257391595944	0	4.2964264142382	2.16258704249817	2.10615641632697	8.02623564845161	4.59452989407128	4.18885500217737	8.64309347363286	5.67647466550743	4.63208436948449	4.94992281030208	2.82438549960062	1.72391072110955	2.57576127843534	6.33759213576557
20	2.19638563837975	4.94466817673883	2.19115446635634	4.67517096569286	4.90103639807535	2.86945628060524	2.86945628060524	2.60726713789778	0.895802581888308	0.895802581888308	2.51817092569982	5.65698245375691	3.4543505658514	3.29319985425932	5.0673044331891	3.0731273035887	3.0731273035887	2.19539845265167	4.2964264142382	0	3.48003336976538	3.44589674800295	4.35114879669634	3.49617084042888	2.52382681880858	6.92975208306164	4.14501442370819	3.10185690427924	3.08745444893661	2.77208918850784	3.25490038756293	2.96063760827247	5.39237366591978
21	1.74306652877266	7.69169730586129	4.59180414266019	4.14861855896221	5.0496614973487	3.49499702014117	3.49499702014117	3.16912063073586	4.12387306751967	4.12387306751967	4.68659374402558	8.22797849247861	5.26379109624534	4.72607512350576	7.69449293269095	2.15235908522085	2.15235908522085	4.95468006050918	2.16258704249817	3.48003336976538	0	0.0717103856458508	7.08680067103919	2.69389855901945	2.81795789783823	7.7361691249181	4.07753744121216	2.69978921753842	5.45565272431162	3.64599432937584	2.89273856426201	2.29540556554676	5.36706935975448
22	1.7474180932718	7.63610000317738	4.53237262054816	4.16761255310217	5.04254085400834	3.42962426098966	3.42962426098966	3.10988395314267	4.08648328237771	4.08648328237771	4.65593323956892	8.16957376429595	5.19761208048446	4.65822172299673	7.63363174619733	2.08165814697962	2.08165814697962	4.91070942358993	2.10615641632697	3.44589674800295	0.0717103856458508	0	7.06364240577371	2.71963546830395	2.8056783842207	7.72451924165959	4.08924400951493	2.72345421970717	5.39346654750054	3.57786736001399	2.8243979792582	2.26398104753701	5.35908028017175
23	5.6794009450356	4.12101331102875	4.81107914094261	5.27058492182031	4.50662303141386	6.68692490015147	6.68692490015147	6.69541502977877	3.56798332243964	3.56798332243964	2.56101310333401	4.80164151957874	5.35780083817859	5.61998912048744	5.10129168637704	6.85777859559031	6.85777859559031	2.9217466525538	8.02623564845161	4.35114879669634	7.08680067103919	7.06364240577371	0	5.45765062405385	4.47780194573361	4.60896558615691	4.65282976566196	5.23771213716773	5.31815355820559	6.27275744261919	7.09125061005276	7.28508278054522	4.91851602638641
24	1.92038721042977	7.42076717511896	5.14709101706345	1.70748165130076	3.13449269527295	5.16629513522629	5.16629513522629	4.88988184401504	3.78302105877729	3.78302105877729	3.49001845010798	8.04441399273951	5.92021067857649	5.57031123428852	7.81945963016031	4.13597744773148	4.13597744773148	4.40762167186514	4.59452989407128	3.49617084042888	2.69389855901945	2.71963546830395	5.45765062405385	0	1.47993784945182	5.71684947796354	1.59798647567179	0.554375051135634	6.14674532795393	5.06955297095659	4.86776096595136	4.31606143329996	3.57298553727656
25	1.90097218538724	5.97395858447312	3.83320183309269	2.26812264167179	2.67650600399518	4.21957702204496	4.21957702204496	4.0748748308589	2.59059002938381	2.59059002938381	2.17069241536452	6.57880037855473	4.52438857083051	4.22579414260071	6.36721304755886	3.41528341363173	3.41528341363173	3.00805139311617	4.18885500217737	2.52382681880858	2.81795789783823	2.8056783842207	4.47780194573361	1.47993784945182	0	5.17407031642855	1.82301887479319	1.45821546750833	4.82534461210901	3.98240105573289	4.05513492966861	4.01867167383362	3.15216873380484
26	7.04656054619503	6.85074526503923	7.30180087305133	4.32246159395221	2.72474409207905	8.58409911938232	8.58409911938232	8.70393756657253	6.34978915588008	6.34978915588008	4.5186604956718	7.14849437935135	7.29081007461036	7.31350536608802	7.79897172977244	7.98279104541099	7.98279104541099	5.57516931480385	8.64309347363286	6.92975208306164	7.7361691249181	7.72451924165959	4.60896558615691	5.71684947796354	5.17407031642855	0	4.17111240351417	5.94589404152072	7.98084157046934	8.07646652525923	8.50709755491384	9.10314220990415	2.53321705593444
27	3.27004694786546	7.0631509321382	5.51483856334295	0.654536121513828	1.76728566572497	6.03559547612374	6.03559547612374	5.88486965432024	4.08265976821917	4.08265976821917	3.04457625491384	7.64845468415291	6.10729997255073	5.86416909004855	7.66411916557655	5.11762649336345	5.11762649336345	4.26535124498371	5.67647466550743	4.14501442370819	4.07753744121216	4.08924400951493	4.65282976566196	1.59798647567179	1.82301887479319	4.17111240351417	0	1.87471288512681	6.48392314369226	5.78168051179262	5.81370800042417	5.64898683005519	2.24889852126872
28	1.58245925184395	7.23573126622326	4.90154422098457	2.11142240327632	3.44195344870451	4.96821128077115	4.96821128077115	4.64938115959079	3.4367600175585	3.4367600175585	3.33621722724219	7.89335549721926	5.77959247435182	5.45317503594147	7.62017355875256	4.06460992192116	4.06460992192116	4.18322710685689	4.63208436948449	3.10185690427924	2.69978921753842	2.72345421970717	5.23771213716773	0.554375051135634	1.45821546750833	5.94589404152072	1.87471288512681	0	5.89819053093688	4.9002782749984	4.75013478182805	4.04982877942284	3.92287110371705
29	4.92220760047913	3.12633480231342	1.00009414746678	7.01337920449026	6.49588574165899	2.5333633542327	2.5333633542327	2.89934142717593	2.818660879083	2.818660879083	3.91220033273811	3.57882942368231	1.25715346379518	1.56623645919829	2.59739762621732	3.73572488942266	3.73572488942266	2.67385068135234	4.94992281030208	3.08745444893661	5.45565272431162	5.39346654750054	5.31815355820559	6.14674532795393	4.82534461210901	7.98084157046934	6.48392314369226	5.89819053093688	0	2.13896593986541	3.31644126196584	4.44049474468318	6.83068870312842
30	3.68158228592169	4.95184646306243	1.71928076241473	6.17500696312996	6.01711139185559	0.656148925514656	0.656148925514656	1.21371536253562	3.00909649505367	3.00909649505367	4.12346126319471	5.36250061003846	2.06961402246864	1.56452186832345	4.55301080070904	1.66628076726706	1.66628076726706	3.37161378393943	2.82438549960062	2.77208918850784	3.64599432937584	3.57786736001399	6.27275744261919	5.06955297095659	3.98240105573289	8.07646652525923	5.78168051179262	4.9002782749984	2.13896593986541	0	1.18602840552153	2.77697101600703	6.32492571238205
31	3.42642958659998	6.10154124457624	2.83901865940055	6.10447332914817	6.20527709519126	0.929162063149888	0.929162063149888	1.12377863448225	3.7130299099848	3.7130299099848	4.76339792105636	6.5004320709775	3.17366269372768	2.59611047343774	5.72396861582121	0.817636931181977	0.817636931181977	4.26179841239395	1.72391072110955	3.25490038756293	2.89273856426201	2.8243979792582	7.09125061005276	4.86776096595136	4.05513492966861	8.50709755491384	5.81370800042417	4.75013478182805	3.31644126196584	1.18602840552153	0	2.13244146097511	6.49027027559782
32	2.4784897460957	7.23637622289253	3.81087462550714	5.91481830534279	6.61130110201696	2.28320400240274	2.28320400240274	1.67370627022984	3.78596008876763	3.78596008876763	5.14359271837661	7.80288114171268	4.72729774378688	4.26391343742595	6.98864898390019	2.03658551809324	2.03658551809324	4.86351261265139	2.57576127843534	2.96063760827247	2.29540556554676	2.26398104753701	7.28508278054522	4.31606143329996	4.01867167383362	9.10314220990415	5.64898683005519	4.04982877942284	4.44049474468318	2.77697101600703	2.13244146097511	0	7.00569417523278
33	4.97431568431282	6.74608634705882	5.99446465958409	2.28410881407983	0.574500235342483	6.75177996086381	6.75177996086381	6.81709123770897	5.06346826442852	5.06346826442852	3.49307819051516	7.13596914134193	6.09995826785326	5.91875730489492	7.43717041003749	5.85347863138286	5.85347863138286	4.64121899636936	6.33759213576557	5.39237366591978	5.36706935975448	5.35908028017175	4.91851602638641	3.57298553727656	3.15216873380484	2.53321705593444	2.24889852126872	3.92287110371705	6.83068870312842	6.32492571238205	6.49027027559782	7.00569417523278	0
