1	2	3	4	5	6	7	8	9	10	11	12	13	14	15	16	17	18	19	20	21	22	23	24	25	26	27	28	29	30	31	32	33
1	0	9.4998784306624	6.67361634549158	3.67747943785441	5.25017619279327	2.90290282446009	2.90290282446009	1.36668351962312	6.3057704085201	6.3057704085201	6.28846987247196	11.1927318675437	7.88827720719085	7.49857498562281	9.15421083469296	4.98968393713462	4.98968393713462	2.82476686662072	3.34989682781487	2.81120174367787	4.10262154667563	3.968307650864	6.86467573320234	1.69473972184826	3.71625552566143	8.34548706501638	3.40439962089082	1.50448298153251	6.61028324088513	5.01700043790819	3.48432683760307	2.78980509118737	5.42208498547297
2	9.4998784306624	0	2.86576418791439	10.0855862016067	6.44296383322553	7.1112669894185	7.1112669894185	9.84479204870735	3.22131263537462	3.22131263537462	3.33460554174875	1.70439784735812	1.9849798922297	2.37370140585523	1.02638540260841	4.82895290910469	4.82895290910469	7.35427827403553	6.76162218899176	6.76392318170506	5.43520689989619	5.5791936477692	3.0974660287225	9.11543605341962	6.03418857454412	4.44960307964399	8.89185187244092	10.0328051024507	3.11550750489604	4.80871960469085	6.64451068115603	11.8279008572304	6.58993737934903
3	6.67361634549158	2.86576418791439	0	7.46517580506145	4.21859914809029	4.33509125349624	4.33509125349624	7.04423553930292	0.674279212027303	0.674279212027303	0.871733846752234	4.55408844683539	1.54812743515982	1.32596118163221	2.63387297179464	2.19736282076675	2.19736282076675	4.6050257383749	4.04705703363711	3.98165050483984	2.63145361054394	2.77605971079608	1.38006297755264	6.33482290592836	3.2572447057035	3.93774526437706	6.29920835648479	7.23012954553807	0.908461870103312	2.13680358295757	3.9250160998949	9.03683276979654	4.46260589263253
4	3.67747943785441	10.0855862016067	7.46517580506145	0	3.95058046226553	4.22206492714238	4.22206492714238	4.17796025972486	7.11159726350009	7.11159726350009	6.82782787004017	11.622124712044	8.29557529251728	7.89596688779702	9.54768048227054	5.6191778950343	5.6191778950343	3.09200079314629	4.43150795142068	4.90681987033169	5.3078847262196	5.17631365899013	7.02173446378989	2.13450702326851	4.35048548074379	7.31377814890254	1.42089401755248	2.36018051434755	7.21549533303769	5.70665713784766	4.4802258519824	5.77251978964178	3.95158052358453
5	5.25017619279327	6.44296383322553	4.21859914809029	3.95058046226553	0	3.37629509399835	3.37629509399835	5.67644586590205	3.91415115613406	3.91415115613406	3.51375981320578	7.8544713801712	4.64637551138662	4.27821061650736	5.8143224479508	2.7481602729886	2.7481602729886	2.47572078607285	3.15216075015798	4.00040928707694	3.18053552281648	3.13509640124352	3.42827295838508	3.93499294165424	2.40257473306485	3.51419818138471	3.04672549431406	4.9131419166102	3.83693103431279	2.88319399921489	3.07076338051065	7.96206236175227	0.889611062844219
6	2.90290282446009	7.1112669894185	4.33509125349624	4.22206492714238	3.37629509399835	0	0	2.91576604611415	3.95454208712903	3.95454208712903	3.97901924079212	8.7631126168162	5.32781341685051	4.92622238434893	6.61258486124159	2.37653532157454	2.37653532157454	1.63620561183942	0.535313619333005	1.46142953580711	1.85354853331059	1.71582254092517	4.55390234855725	2.64720577416631	1.71607913480276	6.14309017974665	3.56038384699827	3.46748235852507	4.04016820066435	2.35240234667029	0.605411109086918	5.28972506651577	3.9039524087945
7	2.90290282446009	7.1112669894185	4.33509125349624	4.22206492714238	3.37629509399835	0	0	2.91576604611415	3.95454208712903	3.95454208712903	3.97901924079212	8.7631126168162	5.32781341685051	4.92622238434893	6.61258486124159	2.37653532157454	2.37653532157454	1.63620561183942	0.535313619333005	1.46142953580711	1.85354853331059	1.71582254092517	4.55390234855725	2.64720577416631	1.71607913480276	6.14309017974665	3.56038384699827	3.46748235852507	4.04016820066435	2.35240234667029	0.605411109086918	5.28972506651577	3.9039524087945
8	1.36668351962312	9.84479204870735	7.04423553930292	4.17796025972486	5.67644586590205	2.91576604611415	2.91576604611415	0	6.66924397445136	6.66924397445136	6.72603886927573	11.5228727212595	8.15838727727727	7.76632113795645	9.42545750823175	5.22048355830044	5.22048355830044	3.36066336538321	3.33531314918619	3.18923002875984	4.46356129124694	4.3244171205153	7.32571030654669	2.40823496700306	4.23868190663929	8.80273715990992	4.17440876118274	2.30236059381823	6.86162387750472	5.22151875524255	3.48413794347208	2.57623561042327	6.02829738299464
9	6.3057704085201	3.22131263537462	0.674279212027303	7.11159726350009	3.91415115613406	3.95454208712903	3.95454208712903	6.66924397445136	0	0	0.590869126953104	4.89914356224059	1.70608874117483	1.40414413634106	2.88230564042987	1.75109630975798	1.75109630975798	4.21918467238059	3.6284926347585	3.60102668675831	2.22733576582904	2.3699221924532	1.29797129859835	5.94307253863408	2.87901580393651	3.88818542976689	5.94238484218963	6.85202631965485	0.782927979683125	1.76639636014595	3.52811814998499	8.71759643158995	4.16500838494566
10	6.3057704085201	3.22131263537462	0.674279212027303	7.11159726350009	3.91415115613406	3.95454208712903	3.95454208712903	6.66924397445136	0	0	0.590869126953104	4.89914356224059	1.70608874117483	1.40414413634106	2.88230564042987	1.75109630975798	1.75109630975798	4.21918467238059	3.6284926347585	3.60102668675831	2.22733576582904	2.3699221924532	1.29797129859835	5.94307253863408	2.87901580393651	3.88818542976689	5.94238484218963	6.85202631965485	0.782927979683125	1.76639636014595	3.52811814998499	8.71759643158995	4.16500838494566
11	6.28846987247196	3.33460554174875	0.871733846752234	6.82782787004017	3.51375981320578	3.97901924079212	3.97901924079212	6.72603886927573	0.590869126953104	0.590869126953104	0	4.97817478338309	1.77774911995867	1.45489397314062	2.97049288051988	1.7485502979268	1.7485502979268	4.04739792052436	3.66406889707727	3.69667424203988	2.27489657949034	2.40708026430517	0.836575466619739	5.79478783362644	2.71444376176272	3.44506053515082	5.63423509767717	6.71825592461633	0.974142013796037	1.78802559822887	3.55228855510895	8.79192499320018	3.70354794899872
12	11.1927318675437	1.70439784735812	4.55408844683539	11.622124712044	7.8544713801712	8.7631126168162	8.7631126168162	11.5228727212595	4.89914356224059	4.89914356224059	4.97817478338309	0	3.49234789766923	3.90285474266283	2.23445135521542	6.45043482751867	6.45043482751867	8.9801075066111	8.39414886266253	8.45893560769424	7.11815624466234	7.25990955822061	4.62378956434226	10.7578736389182	7.6840488363016	5.32789607369863	10.4381637034015	11.6901478768506	4.73190264128786	6.43624814607834	8.27450210997183	13.5273685954931	7.97242034725969
13	7.88827720719085	1.9849798922297	1.54812743515982	8.29557529251728	4.64637551138662	5.32781341685051	5.32781341685051	8.15838727727727	1.70608874117483	1.70608874117483	1.77774911995867	3.49234789766923	0	0.413957551993524	1.30081405621414	2.99266236430642	2.99266236430642	5.59860109014526	4.93966347584425	5.21689097501816	3.79550413732297	3.92527497867507	1.58092406213772	7.37957451248589	4.32796095401227	3.36921537033016	7.18177293139759	8.33464711414921	1.3116780605498	2.98325865630369	4.81459448750961	10.3158935893681	4.93047575081567
14	7.49857498562281	2.37370140585523	1.32596118163221	7.89596688779702	4.27821061650736	4.92622238434893	4.92622238434893	7.76632113795645	1.40414413634106	1.40414413634106	1.45489397314062	3.90285474266283	0.413957551993524	0	1.71298691154051	2.58651573544002	2.58651573544002	5.19363587753832	4.53723249811237	4.84832699274596	3.4146607950986	3.54113178857942	1.32572350431002	6.97496399813906	3.93017571620025	3.28359962302281	6.79219916695768	7.93273413478466	0.939388601839221	2.5795479691692	4.41083885736091	9.94236017644893	4.58721399683388
15	9.15421083469296	1.02638540260841	2.63387297179464	9.54768048227054	5.8143224479508	6.61258486124159	6.61258486124159	9.42545750823175	2.88230564042987	2.88230564042987	2.97049288051988	2.23445135521542	1.30081405621414	1.71298691154051	0	4.28515061171492	4.28515061171492	6.88521390499883	6.22081024841465	6.44719688884825	5.05457714512344	5.18907465673398	2.66156730149122	8.66503685512724	5.6078769210976	3.8591683382236	8.41597598144202	9.61705057384637	2.58485014091957	4.27531584035839	6.09862563124233	11.5478439305845	6.04085784484706
16	4.98968393713462	4.82895290910469	2.19736282076675	5.6191778950343	2.7481602729886	2.37653532157454	2.37653532157454	5.22048355830044	1.75109630975798	1.75109630975798	1.7485502979268	6.45043482751867	2.99266236430642	2.58651573544002	4.28515061171492	0	0	2.74699484908622	1.98669994937534	2.50751347870441	1.12971693578123	1.19022442772395	2.27365466968472	4.47291761078256	1.58351088295803	4.16745943466909	4.59811507458639	5.42728126590935	1.75034324101207	0.337932790692148	1.87770047540592	7.48702472316689	3.23946613411917
17	4.98968393713462	4.82895290910469	2.19736282076675	5.6191778950343	2.7481602729886	2.37653532157454	2.37653532157454	5.22048355830044	1.75109630975798	1.75109630975798	1.7485502979268	6.45043482751867	2.99266236430642	2.58651573544002	4.28515061171492	0	0	2.74699484908622	1.98669994937534	2.50751347870441	1.12971693578123	1.19022442772395	2.27365466968472	4.47291761078256	1.58351088295803	4.16745943466909	4.59811507458639	5.42728126590935	1.75034324101207	0.337932790692148	1.87770047540592	7.48702472316689	3.23946613411917
18	2.82476686662072	7.35427827403553	4.6050257383749	3.09200079314629	2.47572078607285	1.63620561183942	1.63620561183942	3.36066336538321	4.21918467238059	4.21918467238059	4.04739792052436	8.9801075066111	5.59860109014526	5.19363587753832	6.88521390499883	2.74699484908622	2.74699484908622	0	1.7583400583449	2.06813320206226	2.26588109445674	2.13088404779938	4.43656343306917	1.85760136490908	1.41456584484228	5.59851376191237	2.16198172746202	2.84633773092382	4.40984674107562	2.84212405557553	1.80511400303168	5.55034439390617	2.73251840548959
19	3.34989682781487	6.76162218899176	4.04705703363711	4.43150795142068	3.15216075015798	0.535313619333005	0.535313619333005	3.33531314918619	3.6284926347585	3.6284926347585	3.66406889707727	8.39414886266253	4.93966347584425	4.53723249811237	6.22081024841465	1.98669994937534	1.98669994937534	1.7583400583449	0	1.62664508331713	1.65960301772186	1.53140699270644	4.21296902400361	2.97812777193657	1.62352113393351	5.77332630130899	3.72057554021445	3.85469496504082	3.67262671258835	1.99437978933439	0.242164026009475	5.75040448503369	3.72534983226399
20	2.81120174367787	6.76392318170506	3.98165050483984	4.90681987033169	4.00040928707694	1.46142953580711	1.46142953580711	3.18923002875984	3.60102668675831	3.60102668675831	3.69667424203988	8.45893560769424	5.21689097501816	4.84832699274596	6.44719688884825	2.50751347870441	2.50751347870441	2.06813320206226	1.62664508331713	0	1.47416910950055	1.37060451028708	4.3801245837679	3.03455074825513	1.73317167145881	6.33049310043668	3.9902679974166	3.72777218106013	3.94487793341207	2.52527236417451	1.71759425553863	5.13134744677726	4.29915583535202
21	4.10262154667563	5.43520689989619	2.63145361054394	5.3078847262196	3.18053552281648	1.85354853331059	1.85354853331059	4.46356129124694	2.22733576582904	2.22733576582904	2.27489657949034	7.11815624466234	3.79550413732297	3.4146607950986	5.05457714512344	1.12971693578123	1.12971693578123	2.26588109445674	1.65960301772186	1.47416910950055	0	0.152667676411476	2.95005780592965	3.84511390547639	1.0673594668334	5.00613292971599	4.24432496002303	4.71644263723723	2.52296329141213	1.15564881190159	1.60551585265161	6.55716245246447	3.53339049951224
22	3.968307650864	5.5791936477692	2.77605971079608	5.17631365899013	3.13509640124352	1.71582254092517	1.71582254092517	4.3244171205153	2.3699221924532	2.3699221924532	2.40708026430517	7.25990955822061	3.92527497867507	3.54113178857942	5.18907465673398	1.19022442772395	1.19022442772395	2.13088404779938	1.53140699270644	1.37060451028708	0.152667676411476	0	3.06565371546173	3.70172976902187	0.983204251928735	5.06826352017811	4.12677615786489	4.57555375785326	2.65071387217029	1.22333488043043	1.48547406182477	6.43524891732835	3.49604443946391
23	6.86467573320234	3.0974660287225	1.38006297755264	7.02173446378989	3.42827295838508	4.55390234855725	4.55390234855725	7.32571030654669	1.29797129859835	1.29797129859835	0.836575466619739	4.62378956434226	1.58092406213772	1.32572350431002	2.66156730149122	2.27365466968472	2.27365466968472	4.43656343306917	4.21296902400361	4.3801245837679	2.95005780592965	3.06565371546173	0	6.20898824574751	3.20269780169551	2.66264973599389	5.82482512151816	7.1606822015956	1.35225870708387	2.351186143843	4.09920702735633	9.44160715400823	3.54393281379869
24	1.69473972184826	9.11543605341962	6.33482290592836	2.13450702326851	3.93499294165424	2.64720577416631	2.64720577416631	2.40823496700306	5.94307253863408	5.94307253863408	5.79478783362644	10.7578736389182	7.37957451248589	6.97496399813906	8.66503685512724	4.47291761078256	4.47291761078256	1.85760136490908	2.97812777193657	3.03455074825513	3.84511390547639	3.70172976902187	6.20898824574751	0	3.1014476445024	7.23474177961979	1.79344114131453	1.02530047345529	6.16233376540596	4.54527717901312	3.08397890802831	4.26097141527278	4.06502469364175
25	3.71625552566143	6.03418857454412	3.2572447057035	4.35048548074379	2.40257473306485	1.71607913480276	1.71607913480276	4.23868190663929	2.87901580393651	2.87901580393651	2.71444376176272	7.6840488363016	4.32796095401227	3.93017571620025	5.6078769210976	1.58351088295803	1.58351088295803	1.41456584484228	1.62352113393351	1.73317167145881	1.0673594668334	0.983204251928735	3.20269780169551	3.1014476445024	0	4.82842525843578	3.24871804519033	4.027147628533	3.12097753829127	1.65826449158637	1.56247673635286	6.3729725853487	2.68913931501153
26	8.34548706501638	4.44960307964399	3.93774526437706	7.31377814890254	3.51419818138471	6.14309017974665	6.14309017974665	8.80273715990992	3.88818542976689	3.88818542976689	3.44506053515082	5.32789607369863	3.36921537033016	3.28359962302281	3.8591683382236	4.16745943466909	4.16745943466909	5.59851376191237	5.77332630130899	6.33049310043668	5.00613292971599	5.06826352017811	2.66264973599389	7.23474177961979	4.82842525843578	0	6.26996069224105	8.21396872009905	3.6610674612212	4.29959030815199	5.67021615053322	11.056185864661	3.44651070148612
27	3.40439962089082	8.89185187244092	6.29920835648479	1.42089401755248	3.04672549431406	3.56038384699827	3.56038384699827	4.17440876118274	5.94238484218963	5.94238484218963	5.63423509767717	10.4381637034015	7.18177293139759	6.79219916695768	8.41597598144202	4.59811507458639	4.59811507458639	2.16198172746202	3.72057554021445	3.9902679974166	4.24432496002303	4.12677615786489	5.82482512151816	1.79344114131453	3.24871804519033	6.26996069224105	0	2.40466974039416	6.12331710575814	4.71166529921904	3.76280461733582	5.91598287492145	2.90829161581269
28	1.50448298153251	10.0328051024507	7.23012954553807	2.36018051434755	4.9131419166102	3.46748235852507	3.46748235852507	2.30236059381823	6.85202631965485	6.85202631965485	6.71825592461633	11.6901478768506	8.33464711414921	7.93273413478466	9.61705057384637	5.42728126590935	5.42728126590935	2.84633773092382	3.85469496504082	3.72777218106013	4.71644263723723	4.57555375785326	7.1606822015956	1.02530047345529	4.027147628533	8.21396872009905	2.40466974039416	0	7.10211708049935	5.48378837179432	3.96537694017141	3.58367460386501	4.99089727822871
29	6.61028324088513	3.11550750489604	0.908461870103312	7.21549533303769	3.83693103431279	4.04016820066435	4.04016820066435	6.86162387750472	0.782927979683125	0.782927979683125	0.974142013796037	4.73190264128786	1.3116780605498	0.939388601839221	2.58485014091957	1.75034324101207	1.75034324101207	4.40984674107562	3.67262671258835	3.94487793341207	2.52296329141213	2.65071387217029	1.35225870708387	6.16233376540596	3.12097753829127	3.6610674612212	6.12331710575814	7.10211708049935	0	1.70729846343322	3.54610879198638	9.0201768638314	4.21014667322434
30	5.01700043790819	4.80871960469085	2.13680358295757	5.70665713784766	2.88319399921489	2.35240234667029	2.35240234667029	5.22151875524255	1.76639636014595	1.76639636014595	1.78802559822887	6.43624814607834	2.98325865630369	2.5795479691692	4.27531584035839	0.337932790692148	0.337932790692148	2.84212405557553	1.99437978933439	2.52527236417451	1.15564881190159	1.22333488043043	2.351186143843	4.54527717901312	1.65826449158637	4.29959030815199	4.71166529921904	5.48378837179432	1.70729846343322	0	1.85588289211106	7.47151788228855	3.40432730783067
31	3.48432683760307	6.64451068115603	3.9250160998949	4.4802258519824	3.07076338051065	0.605411109086918	0.605411109086918	3.48413794347208	3.52811814998499	3.52811814998499	3.55228855510895	8.27450210997183	4.81459448750961	4.41083885736091	6.09862563124233	1.87770047540592	1.87770047540592	1.80511400303168	0.242164026009475	1.71759425553863	1.60551585265161	1.48547406182477	4.09920702735633	3.08397890802831	1.56247673635286	5.67021615053322	3.76280461733582	3.96537694017141	3.54610879198638	1.85588289211106	0	5.88557747163589	3.66562901270467
32	2.78980509118737	11.8279008572304	9.03683276979654	5.77251978964178	7.96206236175227	5.28972506651577	5.28972506651577	2.57623561042327	8.71759643158995	8.71759643158995	8.79192499320018	13.5273685954931	10.3158935893681	9.94236017644893	11.5478439305845	7.48702472316689	7.48702472316689	5.55034439390617	5.75040448503369	5.13134744677726	6.55716245246447	6.43524891732835	9.44160715400823	4.26097141527278	6.3729725853487	11.056185864661	5.91598287492145	3.58367460386501	9.0201768638314	7.47151788228855	5.88557747163589	0	8.17148166179723
33	5.42208498547297	6.58993737934903	4.46260589263253	3.95158052358453	0.889611062844219	3.9039524087945	3.9039524087945	6.02829738299464	4.16500838494566	4.16500838494566	3.70354794899872	7.97242034725969	4.93047575081567	4.58721399683388	6.04085784484706	3.23946613411917	3.23946613411917	2.73251840548959	3.72534983226399	4.29915583535202	3.53339049951224	3.49604443946391	3.54393281379869	4.06502469364175	2.68913931501153	3.44651070148612	2.90829161581269	4.99089727822871	4.21014667322434	3.40432730783067	3.66562901270467	8.17148166179723	0
