1	2	3	4	5	6	7	8	9	10	11	12	13	14	15	16	17	18	19	20	21	22	23	24	25	26	27	28	29	30	31	32	33
1	0	2.91563019607104	1.79929913693546	8.3252526495986	2.25693096389105	2.16800636690898	2.16800636690898	3.34214580910762	1.4120057886366	1.4120057886366	1.52131206214932	3.82202847993416	3.61544327900712	2.92481704582178	7.73394845232462	2.37454658428823	2.37454658428823	2.50928552963767	2.91535763192388	2.43575556864497	5.14483017705523	5.17358318848999	4.00239278281677	1.28037099614845	3.60427623706592	5.92885600264237	5.06535351906203	2.6948696887352	3.04560826293737	2.72676123871818	2.2139283801533	3.37940309517763	4.00628095578716
2	2.91563019607104	0	3.88959548245973	6.58117894442724	4.7814165276167	2.91585680283386	2.91585680283386	2.03314693978911	4.1216890595512	4.1216890595512	3.90501276052089	2.58701761587565	1.9067817130236	2.13636974716138	5.5689906562095	3.39356905409706	3.39356905409706	4.81093496099882	4.13341767416123	3.43634334172101	7.47106223928608	7.46734536791714	2.76362387481112	2.1710635621634	5.99622691611011	4.05065522929705	3.55038469430345	5.33273532209315	1.98738344295998	2.78281255269651	2.8121858238421	2.02592707682664	2.65154452490313
3	1.79929913693546	3.88959548245973	0	9.63333267169184	1.4803937180144	1.86381497563176	1.86381497563176	3.83509832722209	1.32999843078042	1.32999843078042	1.66316103941031	4.96940262187509	4.41265461566324	3.37548140148946	8.72830272264646	1.81321174450068	1.81321174450068	1.94788700221563	1.80515660996384	3.53536426010561	3.87542101851341	3.90986491795397	5.40975532068337	2.26397453069676	2.81442856881294	6.78635907845148	6.52186562670764	2.27948626519931	4.005531876151	2.49309428076213	2.1005995005373	4.41586107754133	5.31986622915217
4	8.3252526495986	6.58117894442724	9.63333267169184	0	9.98622114508983	8.81043042201447	8.81043042201447	6.70557972115736	9.6838191673122	9.6838191673122	9.57981340988268	5.58317957532202	5.85019429516031	7.11561895126798	3.24693657210695	9.12202824219467	9.12202824219467	10.7343053330287	9.87176793006848	6.93567994714691	13.2460311050727	13.2578152480129	4.67391341168097	7.76801694468437	11.8757047208912	4.63173828224863	3.44914679717319	10.2526373211551	5.94720641526547	8.32340521341603	8.3671195576378	6.25565824094635	4.53694402682375
5	2.25693096389105	4.7814165276167	1.4803937180144	9.98622114508983	0	2.83723271482738	2.83723271482738	4.73340341354995	1.57132740317555	1.57132740317555	2.18346106009334	5.63952019094764	5.23596023203496	4.14034749955371	9.37503039685809	2.53485893030894	2.53485893030894	2.40991028458196	2.40612847134592	3.3910618510234	3.55436475299997	3.6265214216235	5.90830688413553	3.11258977921991	2.81059369487607	7.40492622370201	6.89653127204025	1.39237752476521	4.74318386239316	3.55907165903679	2.80161959840381	5.20912370909859	5.71028441142344
6	2.16800636690898	2.91585680283386	1.86381497563176	8.81043042201447	2.83723271482738	0	0	2.46259694984371	2.52653939751838	2.52653939751838	2.17184373048578	3.84682819214935	3.31226137075103	2.06006433382694	7.52732615928939	0.871156617573531	0.871156617573531	3.22878870600737	1.57822443225552	3.656629135661	5.19516206796346	5.17687246608538	4.70767644117118	1.76667945808794	3.89575217269066	5.58926643076618	5.81212236049399	3.70794038368821	3.21438487122653	1.18568545215498	0.984397068968556	3.20469662102031	4.46976555158634
7	2.16800636690898	2.91585680283386	1.86381497563176	8.81043042201447	2.83723271482738	0	0	2.46259694984371	2.52653939751838	2.52653939751838	2.17184373048578	3.84682819214935	3.31226137075103	2.06006433382694	7.52732615928939	0.871156617573531	0.871156617573531	3.22878870600737	1.57822443225552	3.656629135661	5.19516206796346	5.17687246608538	4.70767644117118	1.76667945808794	3.89575217269066	5.58926643076618	5.81212236049399	3.70794038368821	3.21438487122653	1.18568545215498	0.984397068968556	3.20469662102031	4.46976555158634
8	3.34214580910762	2.03314693978911	3.83509832722209	6.70557972115736	4.73340341354995	2.46259694984371	2.46259694984371	0	4.36385497151926	4.36385497151926	4.03473136854583	2.19941227998687	1.40175662196777	1.36806591679947	5.24263960034643	2.97523971233595	2.97523971233595	5.23711350298072	3.71189117471978	3.72302653867328	7.46765190338055	7.44838829011775	3.14800553452161	2.31592475815259	6.15545272647254	3.47074039845963	4.1616803473068	5.40882943098714	1.67350438715952	1.83076678554779	2.35430773112632	1.71310281823449	2.9091468052169
9	1.4120057886366	4.1216890595512	1.32999843078042	9.6838191673122	1.57132740317555	2.52653939751838	2.52653939751838	4.36385497151926	0	0	1.02732163895319	5.04287418771764	4.83820891986512	3.95424430073749	9.04280192353917	2.57753482394171	2.57753482394171	1.34746055617848	2.75422347567679	3.47452291611179	3.83190881561493	3.86534432749814	5.32268564470957	2.29777652102146	2.2938285425654	7.06484377886955	6.44494497128397	2.05017265792657	4.25481774543298	3.27977732344441	2.78561485583474	4.52089683862357	5.3672741273045
10	1.4120057886366	4.1216890595512	1.32999843078042	9.6838191673122	1.57132740317555	2.52653939751838	2.52653939751838	4.36385497151926	0	0	1.02732163895319	5.04287418771764	4.83820891986512	3.95424430073749	9.04280192353917	2.57753482394171	2.57753482394171	1.34746055617848	2.75422347567679	3.47452291611179	3.83190881561493	3.86534432749814	5.32268564470957	2.29777652102146	2.2938285425654	7.06484377886955	6.44494497128397	2.05017265792657	4.25481774543298	3.27977732344441	2.78561485583474	4.52089683862357	5.3672741273045
11	1.52131206214932	3.90501276052089	1.66316103941031	9.57981340988268	2.18346106009334	2.17184373048578	2.17184373048578	4.03473136854583	1.02732163895319	1.02732163895319	0	4.71709252490911	4.61099352491088	3.63518133300097	8.77605645759372	2.36742398336424	2.36742398336424	1.69315708669478	2.7449297873204	3.76734484121828	4.34703181522515	4.36824428936534	5.09557709045558	2.17886423396569	2.48564972084309	6.84700849374918	6.36581380794911	2.67740032628046	4.17470562667341	3.04190534064954	2.59000640853393	4.1678097519214	5.22236073146628
12	3.82202847993416	2.58701761587565	4.96940262187509	5.58317957532202	5.63952019094764	3.84682819214935	3.84682819214935	2.19941227998687	5.04287418771764	5.04287418771764	4.71709252490911	0	1.53402848977644	2.46748164233922	4.29874590091317	4.22014991942981	4.22014991942981	6.02871714831125	5.02184130335525	3.60099532804053	8.4844893309318	8.45582652961942	2.50376575782233	2.95095415458418	6.94083256749577	3.28727813253689	2.95416733244464	6.1204831664286	1.67359190680257	3.33840201283949	3.68305746463844	1.58451584164467	1.97214541875942
13	3.61544327900712	1.9067817130236	4.41265461566324	5.85019429516031	5.23596023203496	3.31226137075103	3.31226137075103	1.40175662196777	4.83820891986512	4.83820891986512	4.61099352491088	1.53402848977644	0	1.63709776686416	4.39374890269143	3.65632872096649	3.65632872096649	5.74758164351273	4.37658153055333	3.39643592889208	8.11020762686235	8.09725854116414	2.74794303106579	2.70739437177616	6.77904496637802	3.30679819163766	3.25605178188655	5.7824938891134	1.22722926257439	2.62650186228335	3.05186276842751	1.80976827748847	2.13906502380449
14	2.92481704582178	2.13636974716138	3.37548140148946	7.11561895126798	4.14034749955371	2.06006433382694	2.06006433382694	1.36806591679947	3.95424430073749	3.95424430073749	3.63518133300097	2.46748164233922	1.63709776686416	0	5.62985108584802	2.22888423637178	2.22888423637178	4.85817492666284	3.00230853929051	3.10200740222301	7.02468488432454	7.01534250183568	3.58271562473821	2.27351184398726	5.738384125476	4.13113489497245	4.39234382736852	4.90156941890023	2.16502191599812	1.69472238243227	1.64229708818657	2.44491909154058	2.91404609253673
15	7.73394845232462	5.5689906562095	8.72830272264646	3.24693657210695	9.37503039685809	7.52732615928939	7.52732615928939	5.24263960034643	9.04280192353917	9.04280192353917	8.77605645759372	4.29874590091317	4.39374890269143	5.62985108584802	0	7.80251534653324	7.80251534653324	10.0062138880318	8.52983428761736	6.69442128012865	12.4159054540371	12.3928305093306	4.69202993897392	6.91171134652666	11.0600134226569	3.19948714948204	3.94419332028136	9.90686095035674	5.02456440572726	6.83049496792732	7.12244051646758	5.19025995233831	4.05359281459286
16	2.37454658428823	3.39356905409706	1.81321174450068	9.12202824219467	2.53485893030894	0.871156617573531	0.871156617573531	2.97523971233595	2.57753482394171	2.57753482394171	2.36742398336424	4.22014991942981	3.65632872096649	2.22888423637178	7.80251534653324	0	0	3.29986832570135	0.925041671679312	3.53501290047659	4.93787120237219	4.9199718372115	5.18018275001066	2.28754570619911	3.83890770481569	5.91660544319977	6.14564899091907	3.56552317669624	3.64160838572856	1.59823725625226	0.873669717706431	3.82090381534916	4.7093673895243
17	2.37454658428823	3.39356905409706	1.81321174450068	9.12202824219467	2.53485893030894	0.871156617573531	0.871156617573531	2.97523971233595	2.57753482394171	2.57753482394171	2.36742398336424	4.22014991942981	3.65632872096649	2.22888423637178	7.80251534653324	0	0	3.29986832570135	0.925041671679312	3.53501290047659	4.93787120237219	4.9199718372115	5.18018275001066	2.28754570619911	3.83890770481569	5.91660544319977	6.14564899091907	3.56552317669624	3.64160838572856	1.59823725625226	0.873669717706431	3.82090381534916	4.7093673895243
18	2.50928552963767	4.81093496099882	1.94788700221563	10.7343053330287	2.40991028458196	3.22878870600737	3.22878870600737	5.23711350298072	1.34746055617848	1.34746055617848	1.69315708669478	6.02871714831125	5.74758164351273	4.85817492666284	10.0062138880318	3.29986832570135	3.29986832570135	0	3.27875442848452	4.66456312700266	3.27124692603789	3.31225867421873	6.28331970165366	3.23517420153851	1.61100302210174	8.02545109831806	7.45511651216839	2.67831996179846	5.24062622195791	4.01091477606234	3.65509067827195	5.40114681570227	6.44116230265408
19	2.91535763192388	4.13341767416123	1.80515660996384	9.87176793006848	2.40612847134592	1.57822443225552	1.57822443225552	3.71189117471978	2.75422347567679	2.75422347567679	2.7449297873204	5.02184130335525	4.37658153055333	3.00230853929051	8.52983428761736	0.925041671679312	0.925041671679312	3.27875442848452	0	4.04643235715596	4.3213765111629	4.29934593168934	6.00405392837254	2.95018763585357	3.59365250961513	6.65109158254373	6.90591129936274	3.45307298229218	4.32660997431915	2.11715893940517	1.67011727233961	4.5908577872424	5.50447820721006
20	2.43575556864497	3.43634334172101	3.53536426010561	6.93567994714691	3.3910618510234	3.656629135661	3.656629135661	3.72302653867328	3.47452291611179	3.47452291611179	3.76734484121828	3.60099532804053	3.39643592889208	3.10200740222301	6.69442128012865	3.53501290047659	3.53501290047659	4.66456312700266	4.04643235715596	0	6.70592679542896	6.7406352210451	3.62853255465575	2.80065048995027	5.62499832460878	5.22799759361635	3.99819363224327	3.81395459177588	2.9223030388157	3.74862815170068	3.06027812782515	3.88436339817184	2.91572301511704
21	5.14483017705523	7.47106223928608	3.87542101851341	13.2460311050727	3.55436475299997	5.19516206796346	5.19516206796346	7.46765190338055	3.83190881561493	3.83190881561493	4.34703181522515	8.4844893309318	8.11020762686235	7.02468488432454	12.4159054540371	4.93787120237219	4.93787120237219	3.27124692603789	4.3213765111629	6.70592679542896	0	0.24538605148565	9.04770864487777	5.74384947966491	2.2506656911907	10.3075530862458	10.0444178836939	3.67764988874066	7.59794949510689	5.85297621999297	5.56567236539621	7.85177581218897	8.94221388096022
22	5.17358318848999	7.46734536791714	3.90986491795397	13.2578152480129	3.6265214216235	5.17687246608538	5.17687246608538	7.44838829011775	3.86534432749814	3.86534432749814	4.36824428936534	8.45582652961942	8.09725854116414	7.01534250183568	12.3928305093306	4.9199718372115	4.9199718372115	3.31225867421873	4.29934593168934	6.7406352210451	0.24538605148565	0	9.07048054261783	5.73632840613114	2.26148713061254	10.2711158058839	10.0577771809122	3.80011173655792	7.58741867790301	5.82028939165625	5.55670395801035	7.8282435258949	8.9463696939311
23	4.00239278281677	2.76362387481112	5.40975532068337	4.67391341168097	5.90830688413553	4.70767644117118	4.70767644117118	3.14800553452161	5.32268564470957	5.32268564470957	5.09557709045558	2.50376575782233	2.74794303106579	3.58271562473821	4.69202993897392	5.18018275001066	5.18018275001066	6.28331970165366	6.00405392837254	3.62853255465575	9.04770864487777	9.07048054261783	0	3.52029803818292	7.45552414631396	3.50949192021139	1.95508698127386	6.18980901541406	2.43708405968243	4.53845444370595	4.46563819428061	2.56458380493044	1.74432950246088
24	1.28037099614845	2.1710635621634	2.26397453069676	7.76801694468437	3.11258977921991	1.76667945808794	1.76667945808794	2.31592475815259	2.29777652102146	2.29777652102146	2.17886423396569	2.95095415458418	2.70739437177616	2.27351184398726	6.91171134652666	2.28754570619911	2.28754570619911	3.23517420153851	2.95018763585357	2.80065048995027	5.74384947966491	5.73632840613114	3.52029803818292	0	4.24683331078532	5.0805033645927	4.58814177889761	3.61949452317303	2.08933175187163	1.89218156673364	1.97795849583758	2.29730496642367	3.5247372771838
25	3.60427623706592	5.99622691611011	2.81442856881294	11.8757047208912	2.81059369487607	3.89575217269066	3.89575217269066	6.15545272647254	2.2938285425654	2.2938285425654	2.48564972084309	6.94083256749577	6.77904496637802	5.738384125476	11.0600134226569	3.83890770481569	3.83890770481569	1.61100302210174	3.59365250961513	5.62499832460878	2.2506656911907	2.26148713061254	7.45552414631396	4.24683331078532	0	9.04450215750179	8.58200597225914	2.95637761203181	6.28577575682222	4.72586434934028	4.41822722816083	6.28710471503893	7.51766468470804
26	5.92885600264237	4.05065522929705	6.78635907845148	4.63173828224863	7.40492622370201	5.58926643076618	5.58926643076618	3.47074039845963	7.06484377886955	7.06484377886955	6.84700849374918	3.28727813253689	3.30679819163766	4.13113489497245	3.19948714948204	5.91660544319977	5.91660544319977	8.02545109831806	6.65109158254373	5.22799759361635	10.3075530862458	10.2711158058839	3.50949192021139	5.0805033645927	9.04450215750179	0	3.72686200225913	8.17588220868826	3.57813492973708	5.0543650196968	5.14075830596765	3.81397037988341	2.95743975290312
27	5.06535351906203	3.55038469430345	6.52186562670764	3.44914679717319	6.89653127204025	5.81212236049399	5.81212236049399	4.1616803473068	6.44494497128397	6.44494497128397	6.36581380794911	2.95416733244464	3.25605178188655	4.39234382736852	3.94419332028136	6.14564899091907	6.14564899091907	7.45511651216839	6.90591129936274	3.99819363224327	10.0444178836939	10.0577771809122	1.95508698127386	4.58814177889761	8.58200597225914	3.72686200225913	0	7.12255635315261	3.10372488640271	5.50527712957251	5.46608133716724	3.41558726551344	1.75716786390761
28	2.6948696887352	5.33273532209315	2.27948626519931	10.2526373211551	1.39237752476521	3.70794038368821	3.70794038368821	5.40882943098714	2.05017265792657	2.05017265792657	2.67740032628046	6.1204831664286	5.7824938891134	4.90156941890023	9.90686095035674	3.56552317669624	3.56552317669624	2.67831996179846	3.45307298229218	3.81395459177588	3.67764988874066	3.80011173655792	6.18980901541406	3.61949452317303	2.95637761203181	8.17588220868826	7.12255635315261	0	5.17674495474893	4.33122422542471	3.83074152639563	5.60045808054535	6.19619514935189
29	3.04560826293737	1.98738344295998	4.005531876151	5.94720641526547	4.74318386239316	3.21438487122653	3.21438487122653	1.67350438715952	4.25481774543298	4.25481774543298	4.17470562667341	1.67359190680257	1.22722926257439	2.16502191599812	5.02456440572726	3.64160838572856	3.64160838572856	5.24062622195791	4.32660997431915	2.9223030388157	7.59794949510689	7.58741867790301	2.43708405968243	2.08933175187163	6.28577575682222	3.57813492973708	3.10372488640271	5.17674495474893	0	2.61428330309555	3.0456172645531	1.54510516600116	2.19158891051727
30	2.72676123871818	2.78281255269651	2.49309428076213	8.32340521341603	3.55907165903679	1.18568545215498	1.18568545215498	1.83076678554779	3.27977732344441	3.27977732344441	3.04190534064954	3.33840201283949	2.62650186228335	1.69472238243227	6.83049496792732	1.59823725625226	1.59823725625226	4.01091477606234	2.11715893940517	3.74862815170068	5.85297621999297	5.82028939165625	4.53845444370595	1.89218156673364	4.72586434934028	5.0543650196968	5.50527712957251	4.33122422542471	2.61428330309555	0	1.46839252640744	2.80056177235647	4.20105465637708
31	2.2139283801533	2.8121858238421	2.1005995005373	8.3671195576378	2.80161959840381	0.984397068968556	0.984397068968556	2.35430773112632	2.78561485583474	2.78561485583474	2.59000640853393	3.68305746463844	3.05186276842751	1.64229708818657	7.12244051646758	0.873669717706431	0.873669717706431	3.65509067827195	1.67011727233961	3.06027812782515	5.56567236539621	5.55670395801035	4.46563819428061	1.97795849583758	4.41822722816083	5.14075830596765	5.46608133716724	3.83074152639563	3.0456172645531	1.46839252640744	0	3.34139941250399	3.98045605795555
32	3.37940309517763	2.02592707682664	4.41586107754133	6.25565824094635	5.20912370909859	3.20469662102031	3.20469662102031	1.71310281823449	4.52089683862357	4.52089683862357	4.1678097519214	1.58451584164467	1.80976827748847	2.44491909154058	5.19025995233831	3.82090381534916	3.82090381534916	5.40114681570227	4.5908577872424	3.88436339817184	7.85177581218897	7.8282435258949	2.56458380493044	2.29730496642367	6.28710471503893	3.81397037988341	3.41558726551344	5.60045808054535	1.54510516600116	2.80056177235647	3.34139941250399	0	2.69380791058575
33	4.00628095578716	2.65154452490313	5.31986622915217	4.53694402682375	5.71028441142344	4.46976555158634	4.46976555158634	2.9091468052169	5.3672741273045	5.3672741273045	5.22236073146628	1.97214541875942	2.13906502380449	2.91404609253673	4.05359281459286	4.7093673895243	4.7093673895243	6.44116230265408	5.50447820721006	2.91572301511704	8.94221388096022	8.9463696939311	1.74432950246088	3.5247372771838	7.51766468470804	2.95743975290312	1.75716786390761	6.19619514935189	2.19158891051727	4.20105465637708	3.98045605795555	2.69380791058575	0
