order	pop	Longitude	Latitude
1	ASCD52	106.023	26.453
2	BM31	95.217	30.048
3	CY32	98.394	28.505
4	CZ25	118.279	32.275
5	DQS11	128.511	35.81
6	EY8	100.19	26.116
7	EY9	100.19	26.116
8	KM42	102.605	24.992
9	LD06	102.221	29.971
10	LD30	102.215	29.982
11	LN46	105.066	33.316
12	MK27	98.923	29.746
13	ML5	100.869	28.173
14	ML50	100.852	28.234
15	ML53	101.110536	28.122325
16	MN34	101.876	28.303
17	MN4	101.876	28.303
18	MX	103.7715	31.5995
19	MY1	101.91	27.122
20	SC37	104.998	26.532
21	SM3	102.278	29.313
22	SM35	102.326	29.247
23	TB43	107.448	34.053
24	WS14	110.013	31.037
25	WX48	105.113	32.818
26	XS40	116.196	39.991
27	XY36	114.08	31.81
28	YJI38	108.525	28.003
29	YL49	100.416	27.116
30	YL9	100.389	27.178
31	YS26	100.748	26.581
32	YSXC51	104.416	23.506
33	YY12	113.343	34.731